0 0.0805296 0.0805296 2 1 0
5.13056e-05 0.0805299 0.0805299 1 1 0
0.000103036 0.0805309 0.0805309 1 1 0
0.000207676 0.080535 0.080535 1 1 0
0.00042024 0.0805517 0.0805517 1 1 0
0.000688768 0.0805884 0.0805884 1 1 0
0.000955338 0.0806418 0.0806418 1 1 0
0.00121549 0.0807098 0.0807098 1 1 0
0.0014663 0.0807904 0.0807904 1 1 0
0.00170628 0.0808812 0.0808812 1 1 0
0.00193504 0.0809804 0.0809804 1 1 0
0.00215328 0.0810867 0.0810867 1 1 0
0.00236095 0.0811987 0.0811987 1 1 0
0.00255886 0.0813154 0.0813154 1 1 0
0.0027478 0.0814362 0.0814362 1 1 0
0.00292852 0.0815605 0.0815605 1 1 0
0.00310171 0.0816879 0.0816879 1 1 0
0.003268 0.0818181 0.0818181 1 1 0
0.00342793 0.0819508 0.0819508 1 1 0
0.00358201 0.0820859 0.0820859 1 1 0
0.00373067 0.0822232 0.0822232 1 1 0
0.00387431 0.0823626 0.0823626 1 1 0
0.00401326 0.0825038 0.0825038 1 1 0
0.00414784 0.082647 0.082647 1 1 0
0.00427833 0.082792 0.082792 1 1 0
0.00440498 0.0829386 0.0829386 1 1 0
0.00452801 0.083087 0.083087 1 1 0
0.00464762 0.083237 0.083237 1 1 0
0.004764 0.0833886 0.0833886 1 1 0
0.00487733 0.0835418 0.0835418 1 1 0
0.00498774 0.0836965 0.0836965 1 1 0
0.00509539 0.0838527 0.0838527 1 1 0
0.00520039 0.0840105 0.0840105 1 1 0
0.00530288 0.0841697 0.0841697 1 1 0
0.00540296 0.0843304 0.0843304 1 1 0
0.00550073 0.0844926 0.0844926 1 1 0
0.00559629 0.0846563 0.0846563 1 1 0
0.00568973 0.0848213 0.0848213 1 1 0
0.00578112 0.0849879 0.0849879 1 1 0
0.00587055 0.0851559 0.0851559 1 1 0
0.00595808 0.0853253 0.0853253 1 1 0
0.00604379 0.0854961 0.0854961 1 1 0
0.00612773 0.0856683 0.0856683 1 1 0
0.00620998 0.085842 0.085842 1 1 0
0.00629058 0.0860171 0.0860171 1 1 0
0.00636958 0.0861936 0.0861936 1 1 0
0.00644705 0.0863716 0.0863716 1 1 0
0.00652302 0.0865509 0.0865509 1 1 0
0.00659754 0.0867317 0.0867317 1 1 0
0.00667067 0.0869139 0.0869139 1 1 0
0.00674243 0.0870975 0.0870975 1 1 0
0.00677221 0.0871756 0.0871756 1 1 0
0.00684226 0.0873612 0.0873612 2 1 0
0.00691089 0.0875482 0.0875482 2 1 0
0.00697828 0.0877366 0.0877366 2 1 0
0.00704448 0.0879265 0.0879265 2 1 0
0.00710951 0.0881178 0.0881178 2 1 0
0.00717341 0.0883105 0.0883105 2 1 0
0.00723621 0.0885046 0.0885046 2 1 0
0.00729794 0.0887001 0.0887001 2 1 0
0.00735863 0.088897 0.088897 2 1 0
0.0074183 0.0890954 0.0890954 2 1 0
0.00747698 0.0892952 0.0892952 2 1 0
0.0075347 0.0894964 0.0894964 2 1 0
0.00759149 0.089699 0.089699 2 1 0
0.00764736 0.089903 0.089903 2 1 0
0.00770235 0.0901085 0.0901085 2 1 0
0.00775647 0.0903154 0.0903154 2 1 0
0.00780975 0.0905237 0.0905237 2 1 0
0.00786222 0.0907334 0.0907334 2 1 0
0.00791388 0.0909445 0.0909445 2 1 0
0.00796476 0.091157 0.091157 2 1 0
0.00801489 0.091371 0.091371 2 1 0
0.00806429 0.0915864 0.0915864 2 1 0
0.00811297 0.0918031 0.0918031 2 1 0
0.00816095 0.0920213 0.0920213 2 1 0
0.00820825 0.0922409 0.0922409 2 1 0
0.00825489 0.092462 0.092462 2 1 0
0.0083009 0.0926844 0.0926844 2 1 0
0.00834628 0.0929082 0.0929082 2 1 0
0.00839105 0.0931334 0.0931334 2 1 0
0.00843523 0.0933601 0.0933601 2 1 0
0.00847885 0.0935881 0.0935881 2 1 0
0.00852191 0.0938175 0.0938175 2 1 0
0.00856443 0.0940483 0.0940483 2 1 0
0.00860643 0.0942805 0.0942805 2 1 0
0.00864793 0.0945141 0.0945141 2 1 0
0.00868893 0.0947491 0.0947491 2 1 0
0.00872947 0.0949854 0.0949854 2 1 0
0.00876954 0.0952231 0.0952231 2 1 0
0.00880917 0.0954622 0.0954622 2 1 0
0.00884837 0.0957026 0.0957026 2 1 0
0.00888716 0.0959444 0.0959444 2 1 0
0.00892555 0.0961876 0.0961876 2 1 0
0.00896355 0.0964321 0.0964321 2 1 0
0.00900118 0.0966779 0.0966779 2 1 0
0.00903846 0.0969251 0.0969251 2 1 0
0.0090754 0.0971736 0.0971736 2 1 0
0.00911201 0.0974234 0.0974234 2 1 0
0.0091483 0.0976745 0.0976745 2 1 0
0.0091843 0.0979269 0.0979269 2 1 0
0.00922 0.0981807 0.0981807 2 1 0
0.00925543 0.0984357 0.0984357 2 1 0
0.00929061 0.098692 0.098692 2 1 0
0.00932553 0.0989496 0.0989496 2 1 0
0.00936022 0.0992084 0.0992084 2 1 0
0.00939469 0.0994685 0.0994685 2 1 0
0.00942894 0.0997298 0.0997298 2 1 0
0.00946301 0.0999924 0.0999924 2 1 0
0.00949688 0.100256 0.100256 2 1 0
0.00953059 0.100521 0.100521 2 1 0
0.00956414 0.100787 0.100787 2 1 0
0.00959754 0.101055 0.101055 2 1 0
0.0096308 0.101323 0.101323 2 1 0
0.00966395 0.101593 0.101593 2 1 0
0.00969698 0.101864 0.101864 2 1 0
0.00972991 0.102136 0.102136 2 1 0
0.00976275 0.102409 0.102409 2 1 0
0.00979552 0.102683 0.102683 2 1 0
0.00982823 0.102959 0.102959 2 1 0
0.00986088 0.103235 0.103235 2 1 0
0.00989349 0.103513 0.103513 2 1 0
0.00992607 0.103791 0.103791 2 1 0
0.00995863 0.104071 0.104071 2 1 0
0.00999118 0.104352 0.104352 2 1 0
0.0100237 0.104633 0.104633 2 1 0
0.0100563 0.104916 0.104916 2 1 0
0.0100889 0.105199 0.105199 2 1 0
0.0101215 0.105484 0.105484 2 1 0
0.0101542 0.105769 0.105769 2 1 0
0.0101869 0.106056 0.106056 2 1 0
0.0102197 0.106343 0.106343 2 1 0
0.0102526 0.106631 0.106631 2 1 0
0.0102856 0.10692 0.10692 2 1 0
0.0103186 0.10721 0.10721 2 1 0
0.0103518 0.1075 0.1075 2 1 0
0.0103851 0.107792 0.107792 2 1 0
0.0104185 0.108084 0.108084 2 1 0
0.0104521 0.108376 0.108376 2 1 0
0.0104858 0.10867 0.10867 2 1 0
0.0105196 0.108964 0.108964 2 1 0
0.0105537 0.109259 0.109259 2 1 0
0.0105879 0.109555 0.109555 2 1 0
0.0106223 0.109851 0.109851 2 1 0
0.0106569 0.110147 0.110147 2 1 0
0.0106916 0.110445 0.110445 2 1 0
0.0107267 0.110742 0.110742 2 1 0
0.0107619 0.111041 0.111041 2 1 0
0.0107974 0.111339 0.111339 2 1 0
0.0108331 0.111638 0.111638 2 1 0
0.010869 0.111938 0.111938 2 1 0
0.0109052 0.112238 0.112238 2 1 0
0.0109417 0.112538 0.112538 2 1 0
0.0109785 0.112839 0.112839 2 1 0
0.0110155 0.113139 0.113139 2 1 0
0.0110529 0.11344 0.11344 2 1 0
0.0110905 0.113742 0.113742 2 1 0
0.0111285 0.114043 0.114043 2 1 0
0.0111667 0.114345 0.114345 2 1 0
0.0112053 0.114646 0.114646 2 1 0
0.0112443 0.114948 0.114948 2 1 0
0.0112835 0.11525 0.11525 2 1 0
0.0113232 0.115552 0.115552 2 1 0
0.0113631 0.115853 0.115853 2 1 0
0.0114035 0.116155 0.116155 2 1 0
0.0114442 0.116456 0.116456 2 1 0
0.0114853 0.116758 0.116758 2 1 0
0.0115268 0.117059 0.117059 2 1 0
0.0115687 0.11736 0.11736 2 1 0
0.011611 0.11766 0.11766 2 1 0
0.0116536 0.117961 0.117961 2 1 0
0.0116967 0.118261 0.118261 2 1 0
0.0117403 0.11856 0.11856 2 1 0
0.0117842 0.118859 0.118859 2 1 0
0.0118286 0.119158 0.119158 2 1 0
0.0118734 0.119456 0.119456 2 1 0
0.0119187 0.119753 0.119753 2 1 0
0.0119644 0.12005 0.12005 2 1 0
0.0120106 0.120347 0.120347 2 1 0
0.0120573 0.120642 0.120642 2 1 0
0.0121044 0.120937 0.120937 2 1 0
0.012152 0.121231 0.121231 2 1 0
0.0122001 0.121524 0.121524 2 1 0
0.0122487 0.121816 0.121816 2 1 0
0.0122977 0.122108 0.122108 2 1 0
0.0123473 0.122398 0.122398 2 1 0
0.0123973 0.122687 0.122687 2 1 0
0.0124479 0.122976 0.122976 2 1 0
0.012499 0.123263 0.123263 2 1 0
0.0125506 0.123549 0.123549 2 1 0
0.0126027 0.123834 0.123834 2 1 0
0.0126554 0.124118 0.124118 2 1 0
0.0127086 0.1244 0.1244 2 1 0
0.0127623 0.124681 0.124681 2 1 0
0.0128166 0.124961 0.124961 2 1 0
0.0128714 0.12524 0.12524 2 1 0
0.0129267 0.125516 0.125516 2 1 0
0.0129827 0.125792 0.125792 2 1 0
0.0130391 0.126066 0.126066 2 1 0
0.0130962 0.126338 0.126338 2 1 0
0.0131538 0.126609 0.126609 2 1 0
0.0132119 0.126878 0.126878 2 1 0
0.0132707 0.127145 0.127145 2 1 0
0.01333 0.127411 0.127411 2 1 0
0.0133899 0.127675 0.127675 2 1 0
0.0134504 0.127937 0.127937 2 1 0
0.0135114 0.128198 0.128198 2 1 0
0.0135731 0.128456 0.128456 2 1 0
0.0136354 0.128712 0.128712 2 1 0
0.0136982 0.128967 0.128967 2 1 0
0.0137617 0.12922 0.12922 2 1 0
0.0138257 0.12947 0.12947 2 1 0
0.0138904 0.129719 0.129719 2 1 0
0.0139557 0.129965 0.129965 2 1 0
0.0140215 0.130209 0.130209 2 1 0
0.0140881 0.130451 0.130451 2 1 0
0.0141552 0.130691 0.130691 2 1 0
0.0142229 0.130929 0.130929 2 1 0
0.0142913 0.131165 0.131165 2 1 0
0.0143603 0.131398 0.131398 2 1 0
0.01443 0.131629 0.131629 2 1 0
0.0145003 0.131857 0.131857 2 1 0
0.0145712 0.132084 0.132084 2 1 0
0.0146428 0.132308 0.132308 2 1 0
0.014715 0.132529 0.132529 2 1 0
0.0147879 0.132748 0.132748 2 1 0
0.0148615 0.132965 0.132965 2 1 0
0.0149357 0.133179 0.133179 2 1 0
0.0150106 0.133391 0.133391 2 1 0
0.0150861 0.1336 0.1336 2 1 0
0.0151624 0.133807 0.133807 2 1 0
0.0152393 0.134011 0.134011 2 1 0
0.0153169 0.134213 0.134213 2 1 0
0.0153952 0.134412 0.134412 2 1 0
0.0154742 0.134609 0.134609 2 1 0
0.0155539 0.134803 0.134803 2 1 0
0.0156343 0.134995 0.134995 2 1 0
0.0157154 0.135184 0.135184 2 1 0
0.0157973 0.13537 0.13537 2 1 0
0.0158799 0.135554 0.135554 2 1 0
0.0159632 0.135735 0.135735 2 1 0
0.0160473 0.135913 0.135913 2 1 0
0.0161321 0.136089 0.136089 2 1 0
0.0162177 0.136263 0.136263 2 1 0
0.0163041 0.136433 0.136433 2 1 0
0.0163912 0.136601 0.136601 2 1 0
0.0164791 0.136767 0.136767 2 1 0
0.0165679 0.13693 0.13693 2 1 0
0.0166574 0.13709 0.13709 2 1 0
0.0167477 0.137248 0.137248 2 1 0
0.0168389 0.137403 0.137403 2 1 0
0.016931 0.137555 0.137555 2 1 0
0.0170238 0.137705 0.137705 2 1 0
0.0171176 0.137852 0.137852 2 1 0
0.0172122 0.137997 0.137997 2 1 0
0.0173077 0.138139 0.138139 2 1 0
0.0174041 0.138279 0.138279 2 1 0
0.0175015 0.138416 0.138416 2 1 0
0.0175997 0.13855 0.13855 2 1 0
0.0176989 0.138682 0.138682 2 1 0
0.0177991 0.138812 0.138812 2 1 0
0.0179003 0.138939 0.138939 2 1 0
0.0180025 0.139064 0.139064 2 1 0
0.0181057 0.139186 0.139186 2 1 0
0.0182099 0.139306 0.139306 2 1 0
0.0183152 0.139423 0.139423 2 1 0
0.0184216 0.139538 0.139538 2 1 0
0.0185291 0.13965 0.13965 2 1 0
0.0186377 0.13976 0.13976 2 1 0
0.0187474 0.139868 0.139868 2 1 0
0.0188584 0.139974 0.139974 2 1 0
0.0189705 0.140077 0.140077 2 1 0
0.0190838 0.140178 0.140178 2 1 0
0.0191984 0.140277 0.140277 2 1 0
0.0193143 0.140373 0.140373 2 1 0
0.0194315 0.140467 0.140467 2 1 0
0.01955 0.14056 0.14056 2 1 0
0.0196698 0.140649 0.140649 2 1 0
0.0197911 0.140737 0.140737 2 1 0
0.0199138 0.140823 0.140823 2 1 0
0.020038 0.140907 0.140907 2 1 0
0.0201637 0.140988 0.140988 2 1 0
0.0202909 0.141068 0.141068 2 1 0
0.0204197 0.141145 0.141145 2 1 0
0.0205501 0.141221 0.141221 2 1 0
0.0206822 0.141294 0.141294 2 1 0
0.020816 0.141366 0.141366 2 1 0
0.0209516 0.141436 0.141436 2 1 0
0.0210889 0.141504 0.141504 2 1 0
0.0212281 0.14157 0.14157 2 1 0
0.0213692 0.141634 0.141634 2 1 0
0.0215123 0.141697 0.141697 2 1 0
0.0216573 0.141757 0.141757 2 1 0
0.0218045 0.141816 0.141816 2 1 0
0.0219537 0.141874 0.141874 2 1 0
0.0221051 0.141929 0.141929 2 1 0
0.0222588 0.141983 0.141983 2 1 0
0.0224148 0.142036 0.142036 2 1 0
0.0225731 0.142087 0.142087 2 1 0
0.022734 0.142136 0.142136 2 1 0
0.0228973 0.142184 0.142184 2 1 0
0.0230633 0.14223 0.14223 2 1 0
0.0232319 0.142275 0.142275 2 1 0
0.0234033 0.142318 0.142318 2 1 0
0.0235776 0.14236 0.14236 2 1 0
0.0237548 0.142401 0.142401 2 1 0
0.0239351 0.14244 0.14244 2 1 0
0.0241186 0.142478 0.142478 2 1 0
0.0243052 0.142514 0.142514 2 1 0
0.0244953 0.14255 0.14255 2 1 0
0.0246888 0.142584 0.142584 2 1 0
0.024886 0.142617 0.142617 2 1 0
0.0250868 0.142648 0.142648 2 1 0
0.0252915 0.142679 0.142679 2 1 0
0.0255002 0.142708 0.142708 2 1 0
0.025713 0.142737 0.142737 2 1 0
0.0259302 0.142764 0.142764 2 1 0
0.0261517 0.14279 0.14279 2 1 0
0.0263779 0.142815 0.142815 2 1 0
0.0266088 0.142839 0.142839 2 1 0
0.0268448 0.142863 0.142863 2 1 0
0.0270858 0.142885 0.142885 2 1 0
0.0273323 0.142906 0.142906 2 1 0
0.0275843 0.142927 0.142927 2 1 0
0.0278421 0.142946 0.142946 2 1 0
0.028106 0.142965 0.142965 2 1 0
0.0283761 0.142983 0.142983 2 1 0
0.0286528 0.143 0.143 2 1 0
0.0289364 0.143016 0.143016 2 1 0
0.0292271 0.143032 0.143032 2 1 0
0.0295252 0.143047 0.143047 2 1 0
0.0298311 0.143061 0.143061 2 1 0
0.0301452 0.143074 0.143074 2 1 0
0.0304677 0.143087 0.143087 2 1 0
0.0307992 0.143099 0.143099 2 1 0
0.03114 0.143111 0.143111 2 1 0
0.0314907 0.143122 0.143122 2 1 0
0.0318516 0.143132 0.143132 2 1 0
0.0322233 0.143142 0.143142 2 1 0
0.0326063 0.143151 0.143151 2 1 0
0.0330013 0.14316 0.14316 2 1 0
0.0334089 0.143168 0.143168 2 1 0
0.0338298 0.143176 0.143176 2 1 0
0.0342646 0.143183 0.143183 2 1 0
0.0347143 0.14319 0.14319 2 1 0
0.0351796 0.143197 0.143197 2 1 0
0.0356615 0.143203 0.143203 2 1 0
0.0361609 0.143208 0.143208 2 1 0
0.0366791 0.143214 0.143214 2 1 0
0.037217 0.143219 0.143219 2 1 0
0.0377761 0.143223 0.143223 2 1 0
0.0383576 0.143228 0.143228 2 1 0
0.0389632 0.143232 0.143232 2 1 0
0.0395945 0.143235 0.143235 2 1 0
0.0402533 0.143239 0.143239 2 1 0
0.0409415 0.143242 0.143242 2 1 0
0.0416616 0.143245 0.143245 2 1 0
0.0424157 0.143247 0.143247 2 1 0
0.0432067 0.14325 0.14325 2 1 0
0.0440376 0.143252 0.143252 2 1 0
0.0449115 0.143254 0.143254 2 1 0
0.0458324 0.143256 0.143256 2 1 0
0.0468043 0.143258 0.143258 2 1 0
0.0478318 0.143259 0.143259 2 1 0
0.0489202 0.143261 0.143261 2 1 0
0.0500753 0.143262 0.143262 2 1 0
0.0513039 0.143263 0.143263 2 1 0
0.0526135 0.143264 0.143264 2 1 0
0.0540127 0.143265 0.143265 2 1 0
0.0555114 0.143266 0.143266 2 1 0
0.0571204 0.143266 0.143266 2 1 0
0.058853 0.143267 0.143267 2 1 0
0.0607238 0.143267 0.143267 2 1 0
0.0627497 0.143268 0.143268 2 1 0
0.0649501 0.143268 0.143268 2 1 0
0.0673472 0.143269 0.143269 2 1 0
0.0699663 0.143269 0.143269 2 1 0
0.0728357 0.143269 0.143269 2 1 0
0.0759871 0.143269 0.143269 2 1 0
0.0794548 0.143269 0.143269 2 1 0
0.0830329 0.14327 0.14327 2 1 0
0.0872049 0.14327 0.14327 1 1 0
0.0918083 0.14327 0.14327 1 1 0
0.0968599 0.14327 0.14327 1 1 0
0.102378 0.14327 0.14327 1 1 0
0.108367 0.14327 0.14327 1 1 0
0.114818 0.14327 0.14327 1 1 0
0.121704 0.14327 0.14327 1 1 0
0.128988 0.14327 0.14327 1 1 0
0.136628 0.14327 0.14327 1 1 0
0.144575 0.14327 0.14327 1 1 0
0.152784 0.14327 0.14327 1 1 0
0.161214 0.14327 0.14327 1 1 0
0.16983 0.14327 0.14327 1 1 0
0.1786 0.14327 0.14327 1 1 0
0.1875 0.14327 0.14327 1 1 0
0.196508 0.14327 0.14327 1 1 0
0.205607 0.14327 0.14327 1 1 0
0.214784 0.14327 0.14327 1 1 0
0.224028 0.14327 0.14327 1 1 0
0.233328 0.14327 0.14327 1 1 0
0.242679 0.14327 0.14327 1 1 0
0.252073 0.14327 0.14327 1 1 0
0.261505 0.14327 0.14327 1 1 0
0.27097 0.14327 0.14327 1 1 0
0.280464 0.14327 0.14327 1 1 0
0.289985 0.14327 0.14327 1 1 0
0.29953 0.14327 0.14327 1 1 0
0.309096 0.14327 0.14327 1 1 0
0.318681 0.14327 0.14327 1 1 0
0.328284 0.14327 0.14327 1 1 0
0.337903 0.14327 0.14327 1 1 0
0.347538 0.14327 0.14327 1 1 0
0.357186 0.14327 0.14327 1 1 0
0.366846 0.14327 0.14327 1 1 0
0.376519 0.14327 0.14327 1 1 0
0.386202 0.14327 0.14327 1 1 0
0.395896 0.14327 0.14327 1 1 0
0.405599 0.14327 0.14327 1 1 0
0.415311 0.14327 0.14327 1 1 0
0.425032 0.14327 0.14327 1 1 0
0.434761 0.14327 0.14327 1 1 0
0.444497 0.14327 0.14327 1 1 0
0.45424 0.14327 0.14327 1 1 0
0.46399 0.14327 0.14327 1 1 0
0.473746 0.14327 0.14327 1 1 0
0.483509 0.14327 0.14327 1 1 0
0.493277 0.14327 0.14327 1 1 0
0.503051 0.14327 0.14327 1 1 0
0.51283 0.14327 0.14327 1 1 0
0.522614 0.14327 0.14327 1 1 0
0.532403 0.14327 0.14327 1 1 0
0.542197 0.14327 0.14327 1 1 0
0.551995 0.14327 0.14327 1 1 0
0.561797 0.14327 0.14327 1 1 0
0.571603 0.14327 0.14327 1 1 0
0.581413 0.14327 0.14327 1 1 0
0.591227 0.14327 0.14327 1 1 0
0.601045 0.14327 0.14327 1 1 0
0.610866 0.14327 0.14327 1 1 0
0.620691 0.14327 0.14327 1 1 0
0.630519 0.14327 0.14327 1 1 0
0.64035 0.14327 0.14327 1 1 0
0.650184 0.14327 0.14327 1 1 0
0.660021 0.14327 0.14327 1 1 0
0.669861 0.14327 0.14327 1 1 0
0.679704 0.14327 0.14327 1 1 0
0.68955 0.14327 0.14327 1 1 0
0.699398 0.14327 0.14327 1 1 0
0.709249 0.14327 0.14327 1 1 0
0.719102 0.14327 0.14327 1 1 0
0.728958 0.14327 0.14327 1 1 0
0.738816 0.14327 0.14327 1 1 0
0.748676 0.14327 0.14327 1 1 0
0.758538 0.14327 0.14327 1 1 0
0.768403 0.14327 0.14327 1 1 0
0.77827 0.14327 0.14327 1 1 0
0.788139 0.14327 0.14327 1 1 0
0.798009 0.14327 0.14327 1 1 0
0.807882 0.14327 0.14327 1 1 0
0.817757 0.14327 0.14327 1 1 0
0.827633 0.14327 0.14327 1 1 0
0.837512 0.14327 0.14327 1 1 0
0.847392 0.14327 0.14327 1 1 0
0.857274 0.14327 0.14327 1 1 0
0.867157 0.14327 0.14327 1 1 0
0.877042 0.14327 0.14327 1 1 0
0.886929 0.14327 0.14327 1 1 0
0.896817 0.14327 0.14327 1 1 0
0.906707 0.14327 0.14327 1 1 0
0.916599 0.14327 0.14327 1 1 0
0.926492 0.14327 0.14327 1 1 0
0.936386 0.14327 0.14327 1 1 0
0.946282 0.14327 0.14327 1 1 0
0.956179 0.14327 0.14327 1 1 0
0.966077 0.14327 0.14327 1 1 0
0.975977 0.14327 0.14327 1 1 0
0.985878 0.14327 0.14327 1 1 0
0.99578 0.14327 0.14327 1 1 0
1.00568 0.14327 0.14327 1 1 0
0.00677237 0.0871756 0.0871756 4 2 0
0.00677248 0.0876169 0.0867407 3 2 0
0.00677313 0.0882623 0.0861274 3 2 0
0.00677442 0.0888818 0.0855617 3 2 0
0.00677644 0.089458 0.0850531 3 2 0
0.00677929 0.0900013 0.0845868 3 2 0
0.0067831 0.0905215 0.0841505 3 2 0
0.00678799 0.091026 0.0837349 3 2 0
0.00679644 0.0916888 0.0831974 4 2 0
0.00680691 0.0923269 0.0826866 4 2 0
0.00682415 0.0931671 0.0820202 4 2 0
0.00684435 0.0939881 0.0813741 4 2 0
0.00686724 0.0948144 0.0807288 4 2 0
0.00689908 0.0958783 0.0799076 4 2 0
0.00693035 0.0968927 0.0791387 4 2 0
0.00696042 0.0978866 0.0784032 4 2 0
0.00698874 0.0988815 0.077689 4 2 0
0.00701475 0.0998953 0.0769881 4 2 0
0.00703785 0.100943 0.0762953 4 2 0
0.0070575 0.102037 0.0756088 4 2 0
0.00707275 0.10313 0.0749582 4 2 0
0.00708499 0.104317 0.0742906 4 2 0
0.00709397 0.105542 0.0736387 4 2 0
0.00710017 0.10673 0.073037 4 2 0
0.007105 0.107992 0.0724264 4 2 0
0.00710871 0.109259 0.0718401 4 2 0
0.00711179 0.110537 0.0712719 4 2 0
0.00711325 0.111215 0.07098 4 2 0
0.00711581 0.112506 0.0704399 4 2 0
0.00711822 0.113809 0.0699159 4 2 0
0.00712056 0.115127 0.0694063 4 2 0
0.00712285 0.116462 0.0689097 4 2 0
0.00712515 0.11782 0.0684247 4 2 0
0.00712745 0.119204 0.0679502 4 2 0
0.00712737 0.119157 0.0679662 4 2 0
0.0071297 0.12057 0.0675009 4 2 0
0.00713206 0.122018 0.0670441 4 2 0
0.00713397 0.123203 0.0666852 4 2 0
0.0071364 0.124728 0.0662419 4 2 0
0.00713887 0.126302 0.0658052 4 2 0
0.00713897 0.126364 0.0657885 4 2 0
0.0071415 0.127998 0.0653579 4 2 0
0.00714406 0.129682 0.0649365 4 2 0
0.00714669 0.131455 0.0645161 4 2 0
0.00714652 0.131334 0.064544 4 2 0
0.00714921 0.133185 0.0641277 4 2 0
0.00714882 0.132914 0.0641872 4 2 0
0.00715158 0.134845 0.0637743 4 2 0
0.0071544 0.136883 0.063365 4 2 0
0.0071573 0.139045 0.0629589 4 2 0
0.00716029 0.14135 0.0625555 4 2 0
0.00716338 0.143825 0.0621545 4 2 0
0.00716658 0.1465 0.0617554 4 2 0
0.00716806 0.147785 0.0615757 4 2 0
0.00717145 0.150827 0.0611789 4 2 0
0.007175 0.154196 0.0607831 4 2 0
0.00717882 0.15805 0.060381 4 2 0
0.00718281 0.162379 0.0599864 4 2 0
0.00718463 0.164456 0.0598164 4 2 0
0.00718913 0.169913 0.0594222 4 2 0
0.00719416 0.176611 0.0590282 4 2 0
0.00720018 0.185522 0.0586273 4 2 0
0.00720759 0.197812 0.0582484 4 2 0
0.00720804 0.198594 0.0582298 4 2 0
0.00721907 0.218834 0.0579196 4 2 0
0.00723297 0.244387 0.0578755 4 2 0
0.00724348 0.262326 0.0580129 4 2 0
0.00725273 0.277086 0.0582119 4 2 0
0.00726112 0.289734 0.0584379 4 2 0
0.00726114 0.289756 0.0584383 4 2 0
0.00726897 0.301041 0.0586807 4 2 0
0.00726901 0.301087 0.0586817 4 2 0
0.00727645 0.311398 0.0589354 4 2 0
0.00727635 0.311268 0.058932 4 2 0
0.00728349 0.320833 0.059194 4 2 0
0.00729037 0.329772 0.0594619 4 2 0
0.00729705 0.338199 0.059735 4 2 0
0.00730168 0.343914 0.0599317 4 2 0
0.00730805 0.35161 0.0602113 4 2 0
0.00731428 0.35894 0.0604939 4 2 0
0.00732038 0.365949 0.060779 4 2 0
0.00732637 0.37266 0.0610663 4 2 0
0.00733217 0.379009 0.0613515 4 2 0
0.00733797 0.3852 0.0616422 4 2 0
0.00734368 0.391156 0.0619343 4 2 0
0.00734929 0.396872 0.0622264 4 2 0
0.00735486 0.402401 0.0625208 4 2 0
0.00736037 0.407737 0.0628161 4 2 0
0.00736042 0.407781 0.0628186 4 2 0
0.00736587 0.412926 0.0631146 4 2 0
0.00737128 0.417899 0.0634115 4 2 0
0.00737665 0.4227 0.0637087 4 2 0
0.00738197 0.427335 0.0640063 4 2 0
0.00738726 0.431812 0.0643041 4 2 0
0.00739251 0.436136 0.0646021 4 2 0
0.00739447 0.437718 0.0647139 4 2 0
0.00739968 0.441835 0.0650119 4 2 0
0.00740487 0.445807 0.0653096 4 2 0
0.00740612 0.446747 0.0653818 4 2 0
0.00741128 0.450543 0.0656791 4 2 0
0.00741194 0.451021 0.0657175 4 2 0
0.00741707 0.454656 0.0660142 4 2 0
0.00742217 0.458148 0.0663102 4 2 0
0.00742725 0.461502 0.0666053 4 2 0
0.0074323 0.464709 0.0668991 4 2 0
0.00743733 0.467775 0.0671917 4 2 0
0.00744232 0.470691 0.0674825 4 2 0
0.00744729 0.473461 0.0677714 4 2 0
0.00745222 0.476074 0.0680579 4 2 0
0.0074571 0.478529 0.0683418 4 2 0
0.00746194 0.480816 0.0686227 4 2 0
0.00746672 0.482925 0.0688999 4 2 0
0.00747143 0.484847 0.0691729 4 2 0
0.00747606 0.486568 0.0694409 4 2 0
0.0074806 0.48807 0.0697032 4 2 0
0.00748502 0.489327 0.0699585 4 2 0
0.00748934 0.490311 0.0702053 4 2 0
0.00749403 0.490962 0.0704405 4 2 0
0.00750272 0.491216 0.0706568 3 2 0
0.00752598 0.491141 0.0708383 3 2 0
0.00757084 0.490971 0.0709722 3 2 0
0.00763379 0.490872 0.0710641 3 2 0
0.00771055 0.490878 0.0711252 3 2 0
0.00779852 0.490985 0.0711629 3 2 0
0.007896 0.491185 0.0711818 3 2 0
0.00800187 0.49147 0.0711852 3 2 0
0.0081153 0.491822 0.0711754 3 2 0
0.0082357 0.492246 0.0711541 3 2 0
0.00836258 0.492723 0.0711228 3 2 0
0.00849558 0.493257 0.0710826 3 2 0
0.0086344 0.493837 0.0710342 3 2 0
0.00877877 0.494463 0.0709787 3 2 0
0.00892848 0.495127 0.0709166 3 2 0
0.00908335 0.495831 0.0708486 3 2 0
0.00924323 0.496567 0.0707752 3 2 0
0.00940798 0.497339 0.0706969 3 2 0
0.00957748 0.498138 0.070614 3 2 0
0.00975162 0.498966 0.0705272 3 2 0
0.00993033 0.499823 0.0704364 3 2 0
0.0101135 0.500702 0.0703423 3 2 0
0.0103011 0.501603 0.070245 3 2 0
0.0104931 0.502528 0.0701448 3 2 0
0.0106895 0.503474 0.070042 3 2 0
0.0108901 0.504438 0.0699368 3 2 0
0.011095 0.50542 0.0698293 3 2 0
0.0113041 0.506419 0.0697199 3 2 0
0.0115175 0.507432 0.0696085 3 2 0
0.0117351 0.508462 0.0694954 3 2 0
0.0119569 0.509505 0.0693808 3 2 0
0.012183 0.510559 0.0692648 3 2 0
0.0124133 0.511627 0.0691475 3 2 0
0.0126478 0.512705 0.069029 3 2 0
0.0128866 0.513796 0.0689094 3 2 0
0.0131297 0.514894 0.0687889 3 2 0
0.013377 0.516003 0.0686674 3 2 0
0.0136287 0.517121 0.0685452 3 2 0
0.0138847 0.518243 0.0684222 3 2 0
0.0141451 0.519376 0.0682986 3 2 0
0.0144098 0.520515 0.0681743 3 2 0
0.0146789 0.521658 0.0680495 3 2 0
0.0149525 0.52281 0.0679242 3 2 0
0.0152305 0.523965 0.0677985 3 2 0
0.015513 0.525125 0.0676723 3 2 0
0.0157999 0.52629 0.0675459 3 2 0
0.0160914 0.527457 0.0674191 3 2 0
0.0163873 0.52863 0.0672921 3 2 0
0.0166878 0.529804 0.0671647 3 2 0
0.0169929 0.530982 0.0670372 3 2 0
0.0173024 0.532164 0.0669095 3 2 0
0.0176166 0.533346 0.0667816 3 2 0
0.0179352 0.53453 0.0666536 3 2 0
0.0182584 0.535717 0.0665256 3 2 0
0.0185862 0.536906 0.0663973 3 2 0
0.0189184 0.538095 0.0662691 3 2 0
0.0192551 0.539285 0.0661407 3 2 0
0.0195962 0.540475 0.0660124 3 2 0
0.0199418 0.541664 0.065884 3 2 0
0.0202917 0.542857 0.0657555 3 2 0
0.0206458 0.544045 0.0656271 3 2 0
0.0210041 0.545238 0.0654987 3 2 0
0.0213666 0.546427 0.0653703 3 2 0
0.021733 0.547619 0.0652419 3 2 0
0.0221033 0.548807 0.0651135 3 2 0
0.0224774 0.549995 0.0649852 3 2 0
0.022855 0.551181 0.0648569 3 2 0
0.0232361 0.552365 0.0647287 3 2 0
0.0236203 0.55355 0.0646004 3 2 0
0.0240075 0.55473 0.0644722 3 2 0
0.0243974 0.555912 0.064344 3 2 0
0.0247897 0.557091 0.064216 3 2 0
0.0251841 0.558264 0.0640879 3 2 0
0.0255802 0.559439 0.0639598 3 2 0
0.0259777 0.560608 0.0638317 3 2 0
0.0263761 0.561778 0.0637037 3 2 0
0.0267749 0.562942 0.0635757 3 2 0
0.0271735 0.564103 0.0634476 3 2 0
0.0275714 0.565264 0.0633195 3 2 0
0.027968 0.566416 0.0631914 3 2 0
0.0283623 0.56757 0.0630633 3 2 0
0.0287538 0.568717 0.0629351 3 2 0
0.0291415 0.569858 0.0628068 3 2 0
0.0295245 0.570999 0.0626785 3 2 0
0.0299017 0.572134 0.0625501 3 2 0
0.0302722 0.573261 0.0624216 3 2 0
0.0306347 0.574387 0.062293 3 2 0
0.030988 0.575504 0.0621644 3 2 0
0.0313309 0.576615 0.0620356 3 2 0
0.0316621 0.577724 0.0619069 3 2 0
0.0319802 0.578825 0.061778 3 2 0
0.0322839 0.579918 0.0616491 3 2 0
0.0325721 0.581003 0.0615204 3 2 0
0.0328435 0.582081 0.0613919 3 2 0
0.0330974 0.583151 0.0612638 3 2 0
0.0333329 0.584216 0.0611359 3 2 0
0.0335498 0.58527 0.0610091 3 2 0
0.0337482 0.586316 0.0608829 3 2 0
0.0339286 0.587356 0.0607581 3 2 0
0.0340924 0.588392 0.060635 3 2 0
0.0341638 0.58887 0.0605782 3 2 0
0.0343064 0.589898 0.0604583 4 2 0
0.0344376 0.590919 0.0603413 4 2 0
0.0345599 0.591934 0.0602274 4 2 0
0.0346761 0.592952 0.060117 4 2 0
0.0347884 0.593968 0.0600104 4 2 0
0.0348988 0.594982 0.0599085 4 2 0
0.0350085 0.596 0.0598108 4 2 0
0.0351186 0.597018 0.0597182 4 2 0
0.0352297 0.598042 0.0596309 4 2 0
0.0353422 0.599066 0.0595493 4 2 0
0.0354563 0.600099 0.0594739 4 2 0
0.0355724 0.601133 0.0594051 4 2 0
0.0356906 0.602178 0.0593439 4 2 0
0.0358114 0.603228 0.0592909 4 2 0
0.0359351 0.60429 0.0592473 4 2 0
0.036062 0.605362 0.0592143 4 2 0
0.0361926 0.606444 0.0591936 4 2 0
0.0363277 0.607548 0.0591874 4 2 0
0.0364679 0.608667 0.0591981 4 2 0
0.0366144 0.609812 0.0592295 4 2 0
0.0367685 0.610987 0.0592871 4 2 0
0.0369322 0.612197 0.0593782 4 2 0
0.0371083 0.613453 0.0595142 4 2 0
0.0373013 0.614773 0.0597141 4 2 0
0.0375189 0.616178 0.0600123 4 2 0
0.0377758 0.617706 0.0604814 4 2 0
0.038107 0.619379 0.0613109 4 2 0
0.0385911 0.620825 0.0629993 4 2 0
0.0391957 0.620263 0.0653679 4 2 0
0.0396187 0.618717 0.0668076 4 2 0
0.0399395 0.617218 0.067763 4 2 0
0.0402303 0.615705 0.0685476 4 2 0
0.0405038 0.614192 0.0692287 4 2 0
0.0407659 0.61268 0.069839 4 2 0
0.0410192 0.611168 0.0703964 4 2 0
0.0412659 0.609659 0.0709132 4 2 0
0.0415074 0.60815 0.0713973 4 2 0
0.0417444 0.606644 0.0718546 4 2 0
0.0419777 0.605139 0.0722892 4 2 0
0.0422077 0.603635 0.0727045 4 2 0
0.0424347 0.602132 0.0731026 4 2 0
0.0426592 0.600634 0.0734861 4 2 0
0.0428813 0.599137 0.0738565 4 2 0
0.0431013 0.597639 0.0742151 4 2 0
0.0433192 0.596143 0.0745631 4 2 0
0.0435353 0.594652 0.0749016 4 2 0
0.0437497 0.593159 0.075231 4 2 0
0.0439624 0.591671 0.0755522 4 2 0
0.0441736 0.590185 0.075866 4 2 0
0.0443832 0.5887 0.0761729 4 2 0
0.0445915 0.587216 0.0764729 4 2 0
0.0447985 0.585735 0.0767671 4 2 0
0.0450041 0.584255 0.0770554 4 2 0
0.0452085 0.582781 0.0773383 4 2 0
0.0454117 0.581309 0.0776159 4 2 0
0.0456138 0.579837 0.0778889 4 2 0
0.0458148 0.57837 0.0781569 4 2 0
0.0460148 0.576907 0.0784206 4 2 0
0.0462137 0.575446 0.07868 4 2 0
0.0464116 0.573987 0.0789354 4 2 0
0.0466085 0.572531 0.0791867 4 2 0
0.0468046 0.571083 0.0794343 4 2 0
0.0469997 0.569636 0.0796781 4 2 0
0.047194 0.568192 0.0799185 4 2 0
0.0473875 0.566751 0.0801552 4 2 0
0.0475802 0.565318 0.0803887 4 2 0
0.0477721 0.563885 0.0806189 4 2 0
0.0479633 0.56246 0.0808459 4 2 0
0.0481538 0.561037 0.0810699 4 2 0
0.0483436 0.559619 0.0812907 4 2 0
0.0485327 0.558205 0.0815086 4 2 0
0.0487213 0.556795 0.0817236 4 2 0
0.0489092 0.55539 0.0819358 4 2 0
0.0490966 0.553993 0.0821451 4 2 0
0.0492835 0.552599 0.0823516 4 2 0
0.0494699 0.551209 0.0825554 4 2 0
0.0496558 0.549823 0.0827566 4 2 0
0.0498413 0.548446 0.0829552 4 2 0
0.0500264 0.547072 0.0831512 4 2 0
0.0502111 0.545701 0.0833445 4 2 0
0.0503954 0.544339 0.0835353 4 2 0
0.0505795 0.542981 0.0837236 4 2 0
0.0507633 0.541628 0.0839094 4 2 0
0.0509468 0.540279 0.0840928 4 2 0
0.0511301 0.538937 0.0842737 4 2 0
0.0513132 0.537603 0.0844523 4 2 0
0.0513364 0.537434 0.0844747 4 2 0
0.0515194 0.536104 0.0846506 4 2 0
0.0517022 0.534777 0.0848241 4 2 0
0.051885 0.53346 0.0849952 4 2 0
0.0520677 0.532147 0.0851641 4 2 0
0.0522504 0.530838 0.0853305 4 2 0
0.0524331 0.529537 0.0854947 4 2 0
0.0526159 0.528239 0.0856566 4 2 0
0.0527988 0.52695 0.0858162 4 2 0
0.0529817 0.525663 0.0859736 4 2 0
0.0531649 0.524384 0.0861289 4 2 0
0.0533482 0.52311 0.0862818 4 2 0
0.0535317 0.52184 0.0864326 4 2 0
0.0537155 0.520576 0.0865811 4 2 0
0.0538995 0.51932 0.0867274 4 2 0
0.0540839 0.518065 0.0868716 4 2 0
0.0542686 0.51682 0.0870137 4 2 0
0.0544538 0.515577 0.0871536 4 2 0
0.0546393 0.514341 0.0872914 4 2 0
0.0548253 0.513108 0.087427 4 2 0
0.0550119 0.511882 0.0875605 4 2 0
0.0551989 0.51066 0.0876919 4 2 0
0.0553865 0.509444 0.0878213 4 2 0
0.0555747 0.50823 0.0879485 4 2 0
0.0557636 0.507025 0.0880737 4 2 0
0.0559531 0.505821 0.0881969 4 2 0
0.0561433 0.504624 0.088318 4 2 0
0.0563343 0.503431 0.0884371 4 2 0
0.056526 0.502241 0.088554 4 2 0
0.0567186 0.501056 0.088669 4 2 0
0.056912 0.499873 0.0887821 4 2 0
0.0571063 0.498697 0.0888931 4 2 0
0.0573016 0.497525 0.0890022 4 2 0
0.0574978 0.496353 0.0891092 4 2 0
0.057695 0.495188 0.0892145 4 2 0
0.0578933 0.494026 0.0893177 4 2 0
0.0580926 0.492864 0.0894189 4 2 0
0.058293 0.491709 0.0895182 4 2 0
0.0584947 0.490555 0.0896156 4 2 0
0.0586975 0.489403 0.0897111 4 2 0
0.0589015 0.488255 0.0898048 4 2 0
0.0591069 0.487108 0.0898965 4 2 0
0.0593135 0.485965 0.0899865 4 2 0
0.0595215 0.484823 0.0900746 4 2 0
0.0597309 0.483681 0.0901608 4 2 0
0.0599418 0.482544 0.0902452 4 2 0
0.0601542 0.481405 0.0903277 4 2 0
0.0603681 0.48027 0.0904085 4 2 0
0.0605835 0.479135 0.0904875 4 2 0
0.0608006 0.478 0.0905647 4 2 0
0.0610194 0.476867 0.0906402 4 2 0
0.0612399 0.475732 0.0907139 4 2 0
0.0614622 0.474597 0.0907859 4 2 0
0.0616862 0.473464 0.0908561 4 2 0
0.0619122 0.472331 0.0909246 4 2 0
0.0621401 0.471195 0.0909914 4 2 0
0.0623699 0.470059 0.0910565 4 2 0
0.0626018 0.468921 0.0911199 4 2 0
0.0628357 0.467783 0.0911817 4 2 0
0.0630718 0.466641 0.0912417 4 2 0
0.0633101 0.465497 0.0913002 4 2 0
0.0635507 0.464354 0.091357 4 2 0
0.0637935 0.463206 0.0914121 4 2 0
0.0640388 0.462056 0.0914657 4 2 0
0.0642865 0.4609 0.0915176 4 2 0
0.0645368 0.459743 0.091568 4 2 0
0.0647896 0.458582 0.0916168 4 2 0
0.065045 0.457417 0.091664 4 2 0
0.0653033 0.456246 0.0917096 4 2 0
0.0655643 0.45507 0.0917536 4 2 0
0.0658282 0.453891 0.0917962 4 2 0
0.0660951 0.452704 0.0918371 4 2 0
0.066365 0.451512 0.0918766 4 2 0
0.0666381 0.450313 0.0919145 4 2 0
0.0669144 0.449107 0.0919509 4 2 0
0.067194 0.447895 0.0919859 4 2 0
0.067477 0.446677 0.0920194 4 2 0
0.0677636 0.445449 0.0920513 4 2 0
0.0680537 0.444212 0.0920818 4 2 0
0.0683476 0.442968 0.0921108 4 2 0
0.0686454 0.441713 0.0921383 4 2 0
0.068947 0.44045 0.0921644 4 2 0
0.0692528 0.439174 0.0921891 4 2 0
0.0695627 0.43789 0.0922123 4 2 0
0.0698769 0.436594 0.0922341 4 2 0
0.0701956 0.435286 0.0922544 4 2 0
0.0705188 0.433966 0.0922734 4 2 0
0.0708467 0.432634 0.092291 4 2 0
0.0711795 0.431287 0.0923072 4 2 0
0.0715173 0.429927 0.092322 4 2 0
0.0718602 0.428553 0.0923354 4 2 0
0.0722084 0.427161 0.0923475 4 2 0
0.0725621 0.425756 0.0923582 4 2 0
0.0729214 0.424333 0.0923676 4 2 0
0.0732864 0.422894 0.0923757 4 2 0
0.0736575 0.421437 0.0923825 4 2 0
0.0740346 0.419961 0.092388 4 2 0
0.0744181 0.418466 0.0923922 4 2 0
0.0748081 0.41695 0.0923952 4 2 0
0.0752047 0.415413 0.092397 4 2 0
0.0756082 0.413853 0.0923976 4 2 0
0.0760188 0.41227 0.0923971 4 2 0
0.0764365 0.410663 0.0923955 4 2 0
0.0768618 0.409031 0.0923927 4 2 0
0.0772946 0.407373 0.092389 4 2 0
0.0777352 0.405688 0.0923842 4 2 0
0.0781838 0.403975 0.0923786 4 2 0
0.0786406 0.402231 0.0923721 4 2 0
0.0791057 0.400455 0.0923648 4 2 0
0.0795793 0.398647 0.0923569 4 2 0
0.0800616 0.396805 0.0923483 4 2 0
0.0805526 0.394926 0.0923392 4 2 0
0.0810526 0.393012 0.0923297 4 2 0
0.0815616 0.391057 0.09232 4 2 0
0.0820797 0.389062 0.0923102 4 2 0
0.082607 0.387023 0.0923004 4 2 0
0.0831434 0.384941 0.0922909 4 2 0
0.083689 0.38281 0.0922818 4 2 0
0.0842437 0.38063 0.0922734 4 2 0
0.0848074 0.378396 0.0922659 4 2 0
0.0853799 0.376108 0.0922597 4 2 0
0.085961 0.373763 0.092255 4 2 0
0.0865504 0.371357 0.0922522 4 2 0
0.0871477 0.368886 0.0922518 4 2 0
0.0877524 0.366347 0.0922542 4 2 0
0.0883638 0.363736 0.0922598 4 2 0
0.0889812 0.36105 0.0922693 4 2 0
0.0896038 0.358286 0.0922833 4 2 0
0.0902305 0.355437 0.0923026 4 2 0
0.09086 0.352498 0.0923278 4 2 0
0.0914909 0.349465 0.09236 4 2 0
0.0921214 0.346333 0.0924002 4 2 0
0.0927497 0.343094 0.0924495 4 2 0
0.0933734 0.339744 0.0925092 4 2 0
0.09399 0.336275 0.0925808 4 2 0
0.0945966 0.33268 0.0926658 4 2 0
0.0951896 0.328951 0.0927663 4 2 0
0.0957655 0.325082 0.0928841 4 2 0
0.0963199 0.321063 0.0930217 4 2 0
0.0968481 0.316887 0.0931817 4 2 0
0.0973449 0.312546 0.093367 4 2 0
0.0978047 0.308031 0.0935809 4 2 0
0.0982214 0.303335 0.0938271 4 2 0
0.0985886 0.29845 0.0941096 4 2 0
0.0988997 0.293372 0.0944328 4 2 0
0.0991482 0.288096 0.0948016 4 2 0
0.0993276 0.282619 0.0952212 4 2 0
0.0994324 0.276943 0.0956975 4 2 0
0.0994591 0.27223 0.0961263 4 2 0
0.0994176 0.266208 0.0967202 4 2 0
0.099291 0.260002 0.0973894 4 2 0
0.0990783 0.253627 0.0981415 4 2 0
0.0987803 0.247096 0.0989852 4 2 0
0.098399 0.240427 0.0999307 4 2 0
0.0979371 0.233633 0.100991 4 2 0
0.0973979 0.22673 0.10218 4 2 0
0.0967838 0.219729 0.10352 4 2 0
0.096095 0.212635 0.105037 4 2 0
0.0953279 0.205448 0.106769 4 2 0
0.0944716 0.198157 0.108771 4 2 0
0.0935019 0.190729 0.111129 4 2 0
0.0923685 0.183105 0.113981 4 2 0
0.090962 0.17516 0.117584 4 2 0
0.0890238 0.166635 0.122479 4 2 0
0.0860723 0.157053 0.129828 4 2 0
0.0831492 0.145751 0.140781 4 2 0
0.0848043 0.153219 0.133367 4 2 0
0.087934 0.162782 0.125167 4 2 0
0.090342 0.172155 0.119167 4 2 0
0.0919229 0.180411 0.11512 4 2 0
0.0931376 0.188157 0.112036 4 2 0
0.0941567 0.195651 0.109527 4 2 0
0.0950484 0.202988 0.107414 4 2 0
0.0958442 0.210211 0.105597 4 2 0
0.0965589 0.217336 0.104012 4 2 0
0.0971982 0.224369 0.102616 4 2 0
0.097763 0.231307 0.101378 4 2 0
0.0982514 0.238139 0.100276 4 2 0
0.0986604 0.244852 0.0992934 4 2 0
0.0989869 0.251432 0.0984164 4 2 0
0.0992286 0.257862 0.0976344 4 2 0
0.0993844 0.264126 0.096938 4 2 0
0.0994545 0.270213 0.0963192 4 2 0
