0 0.0805296 0.0805296 2 1 0
1.76135e-05 0.0805296 0.0805296 1 1 0
3.53861e-05 0.0805297 0.0805297 1 1 0
7.1414e-05 0.0805302 0.0805302 1 1 0
0.000145438 0.0805321 0.0805321 1 1 0
0.000241765 0.0805363 0.0805363 1 1 0
0.000342454 0.0805429 0.0805429 1 1 0
0.000447656 0.080552 0.080552 1 1 0
0.000557514 0.0805637 0.0805637 1 1 0
0.000672161 0.0805783 0.0805783 1 1 0
0.000791713 0.080596 0.080596 1 1 0
0.000916262 0.0806169 0.0806169 1 1 0
0.00104588 0.0806415 0.0806415 1 1 0
0.00118058 0.0806697 0.0806697 1 1 0
0.00132038 0.0807019 0.0807019 1 1 0
0.00146521 0.0807383 0.0807383 1 1 0
0.00161497 0.0807791 0.0807791 1 1 0
0.00176949 0.0808244 0.0808244 1 1 0
0.00192856 0.0808744 0.0808744 1 1 0
0.00209189 0.0809292 0.0809292 1 1 0
0.00225915 0.0809888 0.0809888 1 1 0
0.00242995 0.0810535 0.0810535 1 1 0
0.00260389 0.081123 0.081123 1 1 0
0.00278049 0.0811975 0.0811975 1 1 0
0.00295929 0.0812767 0.0812767 1 1 0
0.00313982 0.0813607 0.0813607 1 1 0
0.00332161 0.0814493 0.0814493 1 1 0
0.00350421 0.0815423 0.0815423 1 1 0
0.00368719 0.0816396 0.0816396 1 1 0
0.00387018 0.081741 0.081741 1 1 0
0.00405282 0.0818463 0.0818463 1 1 0
0.00423479 0.0819552 0.0819552 1 1 0
0.00441583 0.0820677 0.0820677 1 1 0
0.00459571 0.0821836 0.0821836 1 1 0
0.00477422 0.0823027 0.0823027 1 1 0
0.0049512 0.0824247 0.0824247 1 1 0
0.00512653 0.0825497 0.0825497 1 1 0
0.00530009 0.0826774 0.0826774 1 1 0
0.00547179 0.0828078 0.0828078 1 1 0
0.00564159 0.0829407 0.0829407 1 1 0
0.00580942 0.0830759 0.0830759 1 1 0
0.00597526 0.0832135 0.0832135 1 1 0
0.00613909 0.0833534 0.0833534 1 1 0
0.0063009 0.0834954 0.0834954 1 1 0
0.00646069 0.0836395 0.0836395 1 1 0
0.00661846 0.0837856 0.0837856 1 1 0
0.00677424 0.0839337 0.0839337 1 1 0
0.00692803 0.0840838 0.0840838 1 1 0
0.00707985 0.0842357 0.0842357 1 1 0
0.00722974 0.0843894 0.0843894 1 1 0
0.00737771 0.084545 0.084545 1 1 0
0.0075238 0.0847023 0.0847023 1 1 0
0.00766803 0.0848614 0.0848614 1 1 0
0.00781044 0.0850222 0.0850222 1 1 0
0.00795104 0.0851847 0.0851847 1 1 0
0.00808989 0.0853488 0.0853488 1 1 0
0.00822699 0.0855146 0.0855146 1 1 0
0.0083624 0.0856821 0.0856821 1 1 0
0.00849613 0.0858511 0.0858511 1 1 0
0.00862822 0.0860218 0.0860218 1 1 0
0.00875871 0.086194 0.086194 1 1 0
0.00888761 0.0863679 0.0863679 1 1 0
0.00901495 0.0865433 0.0865433 1 1 0
0.00914078 0.0867202 0.0867202 1 1 0
0.00926512 0.0868988 0.0868988 1 1 0
0.00938798 0.0870788 0.0870788 1 1 0
0.00950942 0.0872604 0.0872604 1 1 0
0.00962944 0.0874436 0.0874436 1 1 0
0.00974807 0.0876282 0.0876282 1 1 0
0.00986535 0.0878144 0.0878144 1 1 0
0.0099813 0.0880021 0.0880021 1 1 0
0.0100959 0.0881914 0.0881914 1 1 0
0.0102093 0.0883821 0.0883821 1 1 0
0.0103214 0.0885743 0.0885743 1 1 0
0.0104323 0.0887681 0.0887681 1 1 0
0.0105419 0.0889633 0.0889633 1 1 0
0.0106504 0.08916 0.08916 1 1 0
0.0107577 0.0893583 0.0893583 1 1 0
0.0108173 0.0894703 0.0894703 1 1 0
0.010923 0.0896708 0.0896708 2 1 0
0.0110274 0.0898729 0.0898729 2 1 0
0.0111307 0.0900764 0.0900764 2 1 0
0.011233 0.0902814 0.0902814 2 1 0
0.0113342 0.0904879 0.0904879 2 1 0
0.0114344 0.0906959 0.0906959 2 1 0
0.0115335 0.0909053 0.0909053 2 1 0
0.0116317 0.0911162 0.0911162 2 1 0
0.0117289 0.0913286 0.0913286 2 1 0
0.0118252 0.0915425 0.0915425 2 1 0
0.0119205 0.0917578 0.0917578 2 1 0
0.0120149 0.0919746 0.0919746 2 1 0
0.0121085 0.0921928 0.0921928 2 1 0
0.0122011 0.0924125 0.0924125 2 1 0
0.0122929 0.0926337 0.0926337 2 1 0
0.0123839 0.0928563 0.0928563 2 1 0
0.012474 0.0930804 0.0930804 2 1 0
0.0125633 0.0933059 0.0933059 2 1 0
0.0126519 0.0935328 0.0935328 2 1 0
0.0127396 0.0937612 0.0937612 2 1 0
0.0128266 0.093991 0.093991 2 1 0
0.0129129 0.0942223 0.0942223 2 1 0
0.0129985 0.094455 0.094455 2 1 0
0.0130833 0.0946891 0.0946891 2 1 0
0.0131675 0.0949246 0.0949246 2 1 0
0.013251 0.0951616 0.0951616 2 1 0
0.0133339 0.0953999 0.0953999 2 1 0
0.0134161 0.0956396 0.0956396 2 1 0
0.0134977 0.0958808 0.0958808 2 1 0
0.0135787 0.0961233 0.0961233 2 1 0
0.0136591 0.0963673 0.0963673 2 1 0
0.013739 0.0966126 0.0966126 2 1 0
0.0138183 0.0968592 0.0968592 2 1 0
0.013897 0.0971073 0.0971073 2 1 0
0.0139753 0.0973567 0.0973567 2 1 0
0.014053 0.0976074 0.0976074 2 1 0
0.0141302 0.0978595 0.0978595 2 1 0
0.014207 0.098113 0.098113 2 1 0
0.0142833 0.0983677 0.0983677 2 1 0
0.0143592 0.0986238 0.0986238 2 1 0
0.0144346 0.0988812 0.0988812 2 1 0
0.0145097 0.0991399 0.0991399 2 1 0
0.0145843 0.0993999 0.0993999 2 1 0
0.0146586 0.0996612 0.0996612 2 1 0
0.0147325 0.0999237 0.0999237 2 1 0
0.0148061 0.100187 0.100187 2 1 0
0.0148793 0.100453 0.100453 2 1 0
0.0149523 0.100719 0.100719 2 1 0
0.0150249 0.100986 0.100986 2 1 0
0.0150972 0.101255 0.101255 2 1 0
0.0151693 0.101525 0.101525 2 1 0
0.0152412 0.101796 0.101796 2 1 0
0.0153128 0.102068 0.102068 2 1 0
0.0153842 0.102342 0.102342 2 1 0
0.0154554 0.102616 0.102616 2 1 0
0.0155264 0.102892 0.102892 2 1 0
0.0155973 0.103169 0.103169 2 1 0
0.015668 0.103447 0.103447 2 1 0
0.0157385 0.103726 0.103726 2 1 0
0.015809 0.104006 0.104006 2 1 0
0.0158793 0.104287 0.104287 2 1 0
0.0159496 0.104569 0.104569 2 1 0
0.0160198 0.104853 0.104853 2 1 0
0.0160899 0.105137 0.105137 2 1 0
0.01616 0.105422 0.105422 2 1 0
0.0162301 0.105708 0.105708 2 1 0
0.0163002 0.105995 0.105995 2 1 0
0.0163703 0.106283 0.106283 2 1 0
0.0164404 0.106572 0.106572 2 1 0
0.0165106 0.106862 0.106862 2 1 0
0.0165808 0.107153 0.107153 2 1 0
0.0166511 0.107444 0.107444 2 1 0
0.0167215 0.107736 0.107736 2 1 0
0.016792 0.108029 0.108029 2 1 0
0.0168627 0.108323 0.108323 2 1 0
0.0169335 0.108618 0.108618 2 1 0
0.0170044 0.108913 0.108913 2 1 0
0.0170755 0.109209 0.109209 2 1 0
0.0171469 0.109506 0.109506 2 1 0
0.0172184 0.109803 0.109803 2 1 0
0.0172902 0.110101 0.110101 2 1 0
0.0173622 0.110399 0.110399 2 1 0
0.0174344 0.110698 0.110698 2 1 0
0.017507 0.110998 0.110998 2 1 0
0.0175798 0.111298 0.111298 2 1 0
0.017653 0.111598 0.111598 2 1 0
0.0177265 0.111899 0.111899 2 1 0
0.0178003 0.1122 0.1122 2 1 0
0.0178745 0.112502 0.112502 2 1 0
0.017949 0.112804 0.112804 2 1 0
0.018024 0.113106 0.113106 2 1 0
0.0180994 0.113408 0.113408 2 1 0
0.0181752 0.113711 0.113711 2 1 0
0.0182514 0.114014 0.114014 2 1 0
0.0183281 0.114317 0.114317 2 1 0
0.0184053 0.11462 0.11462 2 1 0
0.0184829 0.114924 0.114924 2 1 0
0.0185611 0.115227 0.115227 2 1 0
0.0186398 0.11553 0.11553 2 1 0
0.0187191 0.115833 0.115833 2 1 0
0.0187989 0.116137 0.116137 2 1 0
0.0188793 0.11644 0.11644 2 1 0
0.0189602 0.116743 0.116743 2 1 0
0.0190418 0.117045 0.117045 2 1 0
0.019124 0.117348 0.117348 2 1 0
0.0192068 0.11765 0.11765 2 1 0
0.0192903 0.117952 0.117952 2 1 0
0.0193745 0.118253 0.118253 2 1 0
0.0194593 0.118555 0.118555 2 1 0
0.0195449 0.118855 0.118855 2 1 0
0.0196311 0.119155 0.119155 2 1 0
0.0197181 0.119455 0.119455 2 1 0
0.0198059 0.119754 0.119754 2 1 0
0.0198944 0.120053 0.120053 2 1 0
0.0199836 0.120351 0.120351 2 1 0
0.0200737 0.120648 0.120648 2 1 0
0.0201646 0.120944 0.120944 2 1 0
0.0202562 0.12124 0.12124 2 1 0
0.0203488 0.121534 0.121534 2 1 0
0.0204421 0.121828 0.121828 2 1 0
0.0205364 0.122121 0.122121 2 1 0
0.0206315 0.122413 0.122413 2 1 0
0.0207275 0.122704 0.122704 2 1 0
0.0208243 0.122994 0.122994 2 1 0
0.0209222 0.123282 0.123282 2 1 0
0.0210209 0.12357 0.12357 2 1 0
0.0211206 0.123856 0.123856 2 1 0
0.0212212 0.124142 0.124142 2 1 0
0.0213228 0.124425 0.124425 2 1 0
0.0214254 0.124708 0.124708 2 1 0
0.021529 0.124989 0.124989 2 1 0
0.0216336 0.125269 0.125269 2 1 0
0.0217392 0.125547 0.125547 2 1 0
0.0218458 0.125824 0.125824 2 1 0
0.0219535 0.126099 0.126099 2 1 0
0.0220623 0.126373 0.126373 2 1 0
0.0221721 0.126644 0.126644 2 1 0
0.0222829 0.126915 0.126915 2 1 0
0.0223949 0.127183 0.127183 2 1 0
0.0225079 0.12745 0.12745 2 1 0
0.0226221 0.127715 0.127715 2 1 0
0.0227374 0.127978 0.127978 2 1 0
0.0228538 0.12824 0.12824 2 1 0
0.0229714 0.128499 0.128499 2 1 0
0.0230901 0.128756 0.128756 2 1 0
0.02321 0.129012 0.129012 2 1 0
0.023331 0.129265 0.129265 2 1 0
0.0234533 0.129517 0.129517 2 1 0
0.0235767 0.129766 0.129766 2 1 0
0.0237013 0.130013 0.130013 2 1 0
0.0238272 0.130258 0.130258 2 1 0
0.0239542 0.130501 0.130501 2 1 0
0.0240825 0.130742 0.130742 2 1 0
0.0242121 0.13098 0.13098 2 1 0
0.0243429 0.131216 0.131216 2 1 0
0.0244749 0.13145 0.13145 2 1 0
0.0246083 0.131681 0.131681 2 1 0
0.0247429 0.131911 0.131911 2 1 0
0.0248788 0.132137 0.132137 2 1 0
0.025016 0.132362 0.132362 2 1 0
0.0251545 0.132584 0.132584 2 1 0
0.0252944 0.132803 0.132803 2 1 0
0.0254356 0.13302 0.13302 2 1 0
0.0255781 0.133235 0.133235 2 1 0
0.025722 0.133447 0.133447 2 1 0
0.0258673 0.133656 0.133656 2 1 0
0.026014 0.133863 0.133863 2 1 0
0.026162 0.134068 0.134068 2 1 0
0.0263115 0.134269 0.134269 2 1 0
0.0264623 0.134469 0.134469 2 1 0
0.0266146 0.134665 0.134665 2 1 0
0.0267684 0.13486 0.13486 2 1 0
0.0269236 0.135051 0.135051 2 1 0
0.0270803 0.13524 0.13524 2 1 0
0.0272384 0.135426 0.135426 2 1 0
0.0273981 0.13561 0.13561 2 1 0
0.0275593 0.135791 0.135791 2 1 0
0.027722 0.135969 0.135969 2 1 0
0.0278863 0.136145 0.136145 2 1 0
0.0280521 0.136318 0.136318 2 1 0
0.0282196 0.136488 0.136488 2 1 0
0.0283886 0.136656 0.136656 2 1 0
0.0285592 0.136822 0.136822 2 1 0
0.0287315 0.136984 0.136984 2 1 0
0.0289055 0.137144 0.137144 2 1 0
0.0290812 0.137301 0.137301 2 1 0
0.0292585 0.137456 0.137456 2 1 0
0.0294376 0.137608 0.137608 2 1 0
0.0296185 0.137757 0.137757 2 1 0
0.0298011 0.137904 0.137904 2 1 0
0.0299855 0.138049 0.138049 2 1 0
0.0301718 0.13819 0.13819 2 1 0
0.03036 0.138329 0.138329 2 1 0
0.03055 0.138466 0.138466 2 1 0
0.030742 0.1386 0.1386 2 1 0
0.0309359 0.138732 0.138732 2 1 0
0.0311318 0.138861 0.138861 2 1 0
0.0313297 0.138987 0.138987 2 1 0
0.0315297 0.139111 0.139111 2 1 0
0.0317318 0.139233 0.139233 2 1 0
0.0319361 0.139352 0.139352 2 1 0
0.0321425 0.139469 0.139469 2 1 0
0.0323511 0.139583 0.139583 2 1 0
0.032562 0.139695 0.139695 2 1 0
0.0327752 0.139804 0.139804 2 1 0
0.0329907 0.139912 0.139912 2 1 0
0.0332087 0.140016 0.140016 2 1 0
0.0334291 0.140119 0.140119 2 1 0
0.0336521 0.140219 0.140219 2 1 0
0.0338776 0.140317 0.140317 2 1 0
0.0341057 0.140413 0.140413 2 1 0
0.0343365 0.140507 0.140507 2 1 0
0.03457 0.140598 0.140598 2 1 0
0.0348064 0.140687 0.140687 2 1 0
0.0350456 0.140774 0.140774 2 1 0
0.0352878 0.14086 0.14086 2 1 0
0.035533 0.140942 0.140942 2 1 0
0.0357812 0.141023 0.141023 2 1 0
0.0360327 0.141102 0.141102 2 1 0
0.0362874 0.141179 0.141179 2 1 0
0.0365454 0.141254 0.141254 2 1 0
0.0368069 0.141327 0.141327 2 1 0
0.0370718 0.141398 0.141398 2 1 0
0.0373404 0.141467 0.141467 2 1 0
0.0376127 0.141534 0.141534 2 1 0
0.0378888 0.1416 0.1416 2 1 0
0.0381687 0.141663 0.141663 2 1 0
0.0384528 0.141725 0.141725 2 1 0
0.0387409 0.141785 0.141785 2 1 0
0.0390333 0.141844 0.141844 2 1 0
0.0393301 0.1419 0.1419 2 1 0
0.0396314 0.141955 0.141955 2 1 0
0.0399374 0.142009 0.142009 2 1 0
0.0402482 0.14206 0.14206 2 1 0
0.0405638 0.142111 0.142111 2 1 0
0.0408846 0.142159 0.142159 2 1 0
0.0412106 0.142206 0.142206 2 1 0
0.0415421 0.142252 0.142252 2 1 0
0.0418791 0.142296 0.142296 2 1 0
0.0422219 0.142339 0.142339 2 1 0
0.0425707 0.14238 0.14238 2 1 0
0.0429256 0.14242 0.14242 2 1 0
0.0432869 0.142459 0.142459 2 1 0
0.0436548 0.142496 0.142496 2 1 0
0.0440294 0.142532 0.142532 2 1 0
0.0444112 0.142567 0.142567 2 1 0
0.0448002 0.142601 0.142601 2 1 0
0.0451968 0.142633 0.142633 2 1 0
0.0456012 0.142664 0.142664 2 1 0
0.0460137 0.142694 0.142694 2 1 0
0.0464346 0.142723 0.142723 2 1 0
0.0468642 0.142751 0.142751 2 1 0
0.047303 0.142778 0.142778 2 1 0
0.0477511 0.142804 0.142804 2 1 0
0.048209 0.142828 0.142828 2 1 0
0.048677 0.142852 0.142852 2 1 0
0.0491556 0.142875 0.142875 2 1 0
0.0496453 0.142897 0.142897 2 1 0
0.0501463 0.142917 0.142917 2 1 0
0.0506593 0.142937 0.142937 2 1 0
0.0511847 0.142957 0.142957 2 1 0
0.0517231 0.142975 0.142975 2 1 0
0.0522749 0.142992 0.142992 2 1 0
0.0528409 0.143009 0.143009 2 1 0
0.0534217 0.143025 0.143025 2 1 0
0.0540179 0.14304 0.14304 2 1 0
0.0546302 0.143055 0.143055 2 1 0
0.0552594 0.143069 0.143069 2 1 0
0.0559064 0.143082 0.143082 2 1 0
0.0565718 0.143094 0.143094 2 1 0
0.0572568 0.143106 0.143106 2 1 0
0.0579622 0.143117 0.143117 2 1 0
0.0586892 0.143128 0.143128 2 1 0
0.0594388 0.143138 0.143138 2 1 0
0.0602122 0.143147 0.143147 2 1 0
0.0610107 0.143156 0.143156 2 1 0
0.0618357 0.143165 0.143165 2 1 0
0.0626886 0.143173 0.143173 2 1 0
0.0635712 0.14318 0.14318 2 1 0
0.0644851 0.143188 0.143188 2 1 0
0.0654321 0.143194 0.143194 2 1 0
0.0664143 0.1432 0.1432 2 1 0
0.0674338 0.143206 0.143206 2 1 0
0.0684931 0.143212 0.143212 2 1 0
0.0695946 0.143217 0.143217 2 1 0
0.0707412 0.143222 0.143222 2 1 0
0.0719359 0.143226 0.143226 2 1 0
0.0731821 0.14323 0.14323 2 1 0
0.0744833 0.143234 0.143234 2 1 0
0.0758434 0.143237 0.143237 2 1 0
0.077267 0.143241 0.143241 2 1 0
0.0779663 0.143242 0.143242 2 1 0
0.0794829 0.143245 0.143245 1 1 0
0.0810843 0.143248 0.143248 1 1 0
0.0827677 0.14325 0.14325 1 1 0
0.0845399 0.143252 0.143252 1 1 0
0.0864081 0.143254 0.143254 1 1 0
0.0883806 0.143256 0.143256 1 1 0
0.0904661 0.143258 0.143258 1 1 0
0.0926747 0.143259 0.143259 1 1 0
0.0950173 0.143261 0.143261 1 1 0
0.0975062 0.143262 0.143262 1 1 0
0.100154 0.143263 0.143263 1 1 0
0.102977 0.143264 0.143264 1 1 0
0.105989 0.143265 0.143265 1 1 0
0.109209 0.143266 0.143266 1 1 0
0.112654 0.143266 0.143266 1 1 0
0.116344 0.143267 0.143267 1 1 0
0.1203 0.143267 0.143267 1 1 0
0.124541 0.143268 0.143268 1 1 0
0.129087 0.143268 0.143268 1 1 0
0.133956 0.143269 0.143269 1 1 0
0.139164 0.143269 0.143269 1 1 0
0.144723 0.143269 0.143269 1 1 0
0.150637 0.143269 0.143269 1 1 0
0.156907 0.143269 0.143269 1 1 0
0.163526 0.143269 0.143269 1 1 0
0.17048 0.14327 0.14327 1 1 0
0.17775 0.14327 0.14327 1 1 0
0.18531 0.14327 0.14327 1 1 0
0.193135 0.14327 0.14327 1 1 0
0.201196 0.14327 0.14327 1 1 0
0.209465 0.14327 0.14327 1 1 0
0.217916 0.14327 0.14327 1 1 0
0.226524 0.14327 0.14327 1 1 0
0.235268 0.14327 0.14327 1 1 0
0.244129 0.14327 0.14327 1 1 0
0.25309 0.14327 0.14327 1 1 0
0.262138 0.14327 0.14327 1 1 0
0.27126 0.14327 0.14327 1 1 0
0.280447 0.14327 0.14327 1 1 0
0.289689 0.14327 0.14327 1 1 0
0.298981 0.14327 0.14327 1 1 0
0.308315 0.14327 0.14327 1 1 0
0.317687 0.14327 0.14327 1 1 0
0.327093 0.14327 0.14327 1 1 0
0.336528 0.14327 0.14327 1 1 0
0.34599 0.14327 0.14327 1 1 0
0.355476 0.14327 0.14327 1 1 0
0.364983 0.14327 0.14327 1 1 0
0.37451 0.14327 0.14327 1 1 0
0.384054 0.14327 0.14327 1 1 0
0.393615 0.14327 0.14327 1 1 0
0.403191 0.14327 0.14327 1 1 0
0.41278 0.14327 0.14327 1 1 0
0.422382 0.14327 0.14327 1 1 0
0.431997 0.14327 0.14327 1 1 0
0.441622 0.14327 0.14327 1 1 0
0.451258 0.14327 0.14327 1 1 0
0.460903 0.14327 0.14327 1 1 0
0.470558 0.14327 0.14327 1 1 0
0.480222 0.14327 0.14327 1 1 0
0.489893 0.14327 0.14327 1 1 0
0.499573 0.14327 0.14327 1 1 0
0.50926 0.14327 0.14327 1 1 0
0.0779575 0.143242 0.143242 4 3 0
0.0779852 0.144151 0.142321 4 3 0
0.0781297 0.145427 0.140984 4 3 0
0.0784663 0.146965 0.139308 4 3 0
0.0790759 0.148752 0.137282 4 3 0
0.0801013 0.150933 0.134733 4 3 0
0.0818251 0.153877 0.131283 4 3 0
0.0844995 0.158117 0.126622 4 3 0
0.0880067 0.164529 0.120713 4 3 0
0.092099 0.175518 0.113228 4 3 0
0.0936658 0.181805 0.109941 4 3 0
0.0946222 0.186819 0.107678 4 3 0
0.0953016 0.191384 0.105842 4 3 0
0.0957882 0.195636 0.104295 4 3 0
0.0961281 0.199641 0.102961 4 3 0
0.0963509 0.203443 0.101793 4 3 0
0.0964771 0.20707 0.100759 4 3 0
0.0965221 0.210541 0.099836 4 3 0
0.0965226 0.210982 0.0997233 4 3 0
0.0964897 0.214296 0.0989043 4 3 0
0.0963977 0.217485 0.0981629 4 3 0
0.0962543 0.220558 0.0974889 4 3 0
0.096066 0.223524 0.0968732 4 3 0
0.0958382 0.22639 0.0963089 4 3 0
0.0955757 0.229162 0.0957901 4 3 0
0.0952828 0.231846 0.0953115 4 3 0
0.0949631 0.234448 0.094869 4 3 0
0.0946201 0.236971 0.0944583 4 3 0
0.0942565 0.239422 0.0940767 4 3 0
0.0938751 0.241802 0.0937208 4 3 0
0.0934781 0.244118 0.0933884 4 3 0
0.0930677 0.24637 0.0930773 4 3 0
0.0930819 0.246294 0.0930876 4 3 0
0.0926604 0.248491 0.0927948 4 3 0
0.0922289 0.250631 0.0925197 4 3 0
0.0919011 0.252196 0.0923246 4 3 0
0.0914559 0.254247 0.0920762 4 3 0
0.0914543 0.254254 0.0920754 4 3 0
0.091003 0.256255 0.0918406 4 3 0
0.0905468 0.258212 0.0916179 4 3 0
0.0901085 0.260035 0.0914165 4 3 0
0.0896456 0.26191 0.0912147 4 3 0
0.0891804 0.263745 0.0910226 4 3 0
0.0887171 0.26553 0.0908403 4 3 0
0.0882497 0.267291 0.0906645 4 3 0
0.0882275 0.267375 0.0906565 4 3 0
0.0877599 0.269103 0.090488 4 3 0
0.0875668 0.269807 0.0904205 4 3 0
0.0870999 0.27149 0.0902613 4 3 0
0.0866621 0.273044 0.0901172 4 3 0
0.0861976 0.27467 0.0899686 4 3 0
0.0861048 0.274992 0.0899395 4 3 0
0.0856424 0.276588 0.0897968 4 3 0
0.0851821 0.278157 0.0896585 4 3 0
0.084734 0.279669 0.0895267 4 3 0
0.0842788 0.281191 0.0893958 4 3 0
0.0841294 0.281688 0.0893534 4 3 0
0.0836781 0.283182 0.0892265 4 3 0
0.083727 0.283021 0.0892401 4 3 0
0.0832785 0.284498 0.0891161 4 3 0
0.0832646 0.284542 0.0891121 4 3 0
0.0828195 0.286 0.0889907 4 3 0
0.0823778 0.287439 0.0888712 4 3 0
0.0817619 0.289435 0.0887066 4 3 0
0.081329 0.290832 0.0885918 4 3 0
0.0808999 0.292214 0.0884783 4 3 0
0.0804743 0.293584 0.0883661 4 3 0
0.080053 0.294936 0.0882553 4 3 0
0.0796357 0.296278 0.0881453 4 3 0
0.0792224 0.297609 0.0880359 4 3 0
0.0788132 0.298927 0.0879273 4 3 0
0.0784081 0.300234 0.0878189 4 3 0
0.0783049 0.300568 0.0877914 4 3 0
0.0779049 0.301863 0.0876832 4 3 0
0.077509 0.303148 0.0875753 4 3 0
0.0773592 0.303636 0.0875344 4 3 0
0.076969 0.30491 0.0874263 4 3 0
0.0765828 0.306175 0.0873181 4 3 0
0.0765818 0.306177 0.0873178 4 3 0
0.0761998 0.307437 0.0872094 4 3 0
0.0758236 0.308685 0.0871012 4 3 0
0.0754497 0.309931 0.0869916 4 3 0
0.075464 0.309883 0.0869959 4 3 0
0.0750939 0.311122 0.0868859 4 3 0
0.0747278 0.31236 0.086775 4 3 0
0.0743657 0.31359 0.0866634 4 3 0
0.0743838 0.313528 0.086669 4 3 0
0.0740255 0.314757 0.0865565 4 3 0
0.0740251 0.314758 0.0865564 4 3 0
0.0736707 0.315983 0.0864428 4 3 0
0.0734632 0.316704 0.0863753 4 3 0
0.0731149 0.317921 0.0862599 4 3 0
0.0731165 0.317915 0.0862604 4 3 0
0.072772 0.319133 0.086144 4 3 0
0.0726721 0.319489 0.0861097 4 3 0
0.0723325 0.320705 0.0859913 4 3 0
0.0719873 0.321953 0.0858679 4 3 0
0.0716554 0.323165 0.0857465 4 3 0
0.071335 0.324346 0.0856264 4 3 0
0.0710103 0.32556 0.0855019 4 3 0
0.0710399 0.325448 0.0855135 4 3 0
0.0707185 0.326659 0.0853871 4 3 0
0.0704414 0.327714 0.0852756 4 3 0
0.0701265 0.328928 0.0851459 4 3 0
0.0699627 0.329566 0.085077 4 3 0
0.0696532 0.330783 0.0849441 4 3 0
0.0693869 0.33184 0.0848269 4 3 0
0.0690837 0.333057 0.0846901 4 3 0
0.069075 0.333095 0.0846864 4 3 0
0.0687752 0.334318 0.0845473 4 3 0
0.0684788 0.335542 0.0844059 4 3 0
0.0684789 0.335542 0.0844057 4 3 0
0.0681857 0.336768 0.0842619 4 3 0
0.0678957 0.338002 0.0841156 4 3 0
0.0678609 0.338149 0.0840978 4 3 0
0.0675745 0.339388 0.0839487 4 3 0
0.0672913 0.34063 0.0837969 4 3 0
0.0670316 0.341783 0.083654 4 3 0
0.0667543 0.343031 0.083497 4 3 0
0.0664873 0.344253 0.0833414 4 3 0
0.0662159 0.345514 0.0831786 4 3 0
0.0662328 0.345435 0.0831889 4 3 0
0.0659642 0.346703 0.0830233 4 3 0
0.0659861 0.3466 0.0830369 4 3 0
0.0657201 0.34787 0.0828685 4 3 0
0.0654571 0.349146 0.0826969 4 3 0
0.0651968 0.350432 0.0825221 4 3 0
0.0651227 0.350803 0.0824713 4 3 0
0.064866 0.352099 0.0822921 4 3 0
0.0648243 0.352308 0.0822624 4 3 0
0.0645709 0.353614 0.0820791 4 3 0
0.0643202 0.354925 0.0818923 4 3 0
0.0640722 0.356242 0.0817017 4 3 0
0.0638288 0.357561 0.0815089 4 3 0
0.063586 0.358894 0.0813106 4 3 0
0.0635229 0.359247 0.0812579 4 3 0
0.0632834 0.360594 0.0810544 4 3 0
0.0630465 0.361946 0.0808468 4 3 0
0.0626715 0.364143 0.0805047 4 3 0
0.0624411 0.365527 0.0802854 4 3 0
0.0622132 0.366918 0.0800614 4 3 0
0.0619876 0.36832 0.0798326 4 3 0
0.0617645 0.36973 0.0795988 4 3 0
0.0615437 0.371158 0.0793598 4 3 0
0.0615586 0.371062 0.079376 4 3 0
0.06134 0.372495 0.0791319 4 3 0
0.061167 0.373649 0.0789329 4 3 0
0.0609526 0.375108 0.0786783 4 3 0
0.0607405 0.376577 0.0784181 4 3 0
0.060739 0.376587 0.0784162 4 3 0
0.0605292 0.37807 0.0781493 4 3 0
0.0603245 0.37954 0.0778799 4 3 0
0.0601192 0.381051 0.0775994 4 3 0
0.0599161 0.382572 0.0773119 4 3 0
0.0597153 0.384109 0.0770171 4 3 0
0.0597137 0.384121 0.0770147 4 3 0
0.0595151 0.385675 0.076711 4 3 0
0.0594044 0.386553 0.0765369 4 3 0
0.0592093 0.388126 0.0762204 4 3 0
0.0590165 0.389722 0.075894 4 3 0
0.0588259 0.391328 0.0755581 4 3 0
0.0588246 0.391339 0.0755558 4 3 0
0.0586363 0.392969 0.0752087 4 3 0
0.0584502 0.394616 0.0748509 4 3 0
0.058294 0.396025 0.0745362 4 3 0
0.0581123 0.397708 0.0741542 4 3 0
0.057933 0.399419 0.0737575 4 3 0
0.0577563 0.401144 0.0733454 4 3 0
0.0577458 0.401248 0.07332 4 3 0
0.0575718 0.403005 0.0728887 4 3 0
0.0574055 0.404734 0.0724513 4 3 0
0.057237 0.406546 0.0719791 4 3 0
0.0570714 0.408391 0.0714808 4 3 0
0.0569241 0.410099 0.0710031 4 3 0
0.0567652 0.412021 0.0704437 4 3 0
0.0566104 0.413998 0.0698434 4 3 0
0.0564605 0.416032 0.0691931 4 3 0
0.0564604 0.416035 0.0691924 4 3 0
0.0563163 0.418146 0.0684765 4 3 0
0.0561798 0.420373 0.0676731 4 3 0
0.0560505 0.42283 0.0667101 4 3 0
0.0559432 0.425482 0.0655559 4 3 0
0.0558783 0.428788 0.0638988 4 3 0
0.0558776 0.429127 0.0637145 4 3 0
0.0559325 0.431934 0.0619898 4 3 0
0.0560219 0.433401 0.0609352 4 3 0
0.056124 0.434444 0.0600935 4 3 0
0.0562643 0.43544 0.0591885 4 3 0
0.0564549 0.436379 0.0581938 4 3 0
0.0567239 0.437238 0.0570358 4 3 0
0.0569877 0.437736 0.056056 4 3 0
0.0572596 0.437925 0.0551371 4 3 0
0.0575356 0.437761 0.0542453 4 3 0
0.0578092 0.437002 0.0533203 4 3 0
0.057911 0.436334 0.0529092 4 3 0
0.0579641 0.435662 0.0526236 4 3 0
0.057987 0.434942 0.0524007 4 3 0
0.0579889 0.434643 0.0523262 4 3 0
0.0579638 0.433479 0.0521076 4 3 0
0.0579019 0.432376 0.0519793 4 3 0
0.0578172 0.43137 0.0519132 4 3 0
0.0577719 0.43093 0.0518977 3 3 0
0.0576557 0.430025 0.0518869 3 3 0
0.057512 0.429146 0.0519018 3 3 0
0.0573395 0.428308 0.0519362 3 3 0
0.0571388 0.42749 0.0519847 3 3 0
0.0569123 0.426688 0.0520434 3 3 0
0.056663 0.425902 0.0521102 3 3 0
0.0563938 0.425126 0.0521831 3 3 0
0.0561075 0.424355 0.0522607 3 3 0
0.0558065 0.423587 0.052342 3 3 0
0.0554929 0.42282 0.0524266 3 3 0
0.0551682 0.422054 0.0525132 3 3 0
0.0548339 0.421293 0.0526023 3 3 0
0.0544914 0.420534 0.052693 3 3 0
0.0541415 0.419774 0.0527857 3 3 0
0.0537852 0.419008 0.0528796 3 3 0
0.0534232 0.418239 0.0529743 3 3 0
0.0530563 0.417469 0.0530709 3 3 0
0.052685 0.416706 0.0531678 3 3 0
0.0523099 0.415934 0.0532661 3 3 0
0.0519313 0.415156 0.0533652 3 3 0
0.0515498 0.414379 0.0534649 3 3 0
0.0511657 0.413602 0.0535657 3 3 0
0.0507793 0.41282 0.053667 3 3 0
0.0503909 0.412034 0.0537691 3 3 0
0.0500008 0.411246 0.0538717 3 3 0
0.0496092 0.410452 0.0539749 3 3 0
0.0492165 0.409655 0.0540788 3 3 0
0.0488227 0.408862 0.0541834 3 3 0
0.0484281 0.408062 0.0542883 3 3 0
0.0480328 0.407257 0.054394 3 3 0
0.0476371 0.406451 0.0544999 3 3 0
0.047241 0.405638 0.0546066 3 3 0
0.0468448 0.404828 0.0547137 3 3 0
0.0464484 0.404009 0.0548216 3 3 0
0.0460522 0.403185 0.0549293 3 3 0
0.0456561 0.402369 0.0550382 3 3 0
0.0452603 0.401543 0.055147 3 3 0
0.0448649 0.400711 0.0552565 3 3 0
0.04447 0.399882 0.0553664 3 3 0
0.0440757 0.399047 0.055477 3 3 0
0.043682 0.398205 0.0555878 3 3 0
0.043289 0.397367 0.0556991 3 3 0
0.0428969 0.39652 0.0558108 3 3 0
0.0425056 0.395668 0.0559232 3 3 0
0.0421153 0.394822 0.0560356 3 3 0
0.041726 0.393969 0.0561488 3 3 0
0.0413377 0.393109 0.0562623 3 3 0
0.0409506 0.39225 0.0563762 3 3 0
0.0405647 0.391389 0.0564905 3 3 0
0.04018 0.390522 0.0566055 3 3 0
0.0397965 0.389647 0.0567206 3 3 0
0.0394144 0.38878 0.0568362 3 3 0
0.0390337 0.387908 0.0569525 3 3 0
0.0386544 0.387024 0.0570688 3 3 0
0.0382765 0.386148 0.0571858 3 3 0
0.0379002 0.385267 0.0573029 3 3 0
0.0375254 0.384375 0.0574206 3 3 0
0.0371521 0.383491 0.0575388 3 3 0
0.0367805 0.382602 0.0576574 3 3 0
0.0364105 0.381706 0.0577762 3 3 0
0.0360422 0.380812 0.0578957 3 3 0
0.0356756 0.379913 0.0580153 3 3 0
0.0353107 0.37901 0.0581354 3 3 0
0.0349476 0.378108 0.058256 3 3 0
0.0345863 0.377202 0.0583768 3 3 0
0.0342268 0.376289 0.0584982 3 3 0
0.0338693 0.375382 0.0586199 3 3 0
0.0335136 0.37447 0.0587419 3 3 0
0.0331598 0.373555 0.0588644 3 3 0
0.0328079 0.372638 0.0589871 3 3 0
0.0324581 0.371718 0.0591105 3 3 0
0.0321102 0.370797 0.0592339 3 3 0
0.0317644 0.369874 0.0593579 3 3 0
0.0314206 0.368947 0.0594821 3 3 0
0.031079 0.368021 0.0596069 3 3 0
0.0307394 0.36709 0.0597316 3 3 0
0.030402 0.366156 0.0598571 3 3 0
0.0300667 0.365228 0.0599827 3 3 0
0.0297337 0.364292 0.0601085 3 3 0
0.0294029 0.363356 0.0602349 3 3 0
0.0290743 0.362425 0.0603615 3 3 0
0.028748 0.361486 0.0604883 3 3 0
0.028424 0.360546 0.0606155 3 3 0
0.0281024 0.359607 0.0607431 3 3 0
0.0277831 0.358667 0.0608706 3 3 0
0.0274663 0.357725 0.0609988 3 3 0
0.0271519 0.356782 0.061127 3 3 0
0.0268399 0.355837 0.0612554 3 3 0
0.0265305 0.354892 0.0613842 3 3 0
0.0262236 0.353953 0.0615131 3 3 0
0.0259192 0.353009 0.0616424 3 3 0
0.0256175 0.352066 0.0617715 3 3 0
0.0253184 0.351121 0.0619012 3 3 0
0.0250219 0.350179 0.0620307 3 3 0
0.0247282 0.349238 0.0621607 3 3 0
0.0244372 0.348297 0.0622906 3 3 0
0.024149 0.347357 0.0624206 3 3 0
0.0238637 0.346419 0.0625509 3 3 0
0.0235812 0.345482 0.062681 3 3 0
0.0233016 0.344549 0.0628113 3 3 0
0.0230249 0.343618 0.0629416 3 3 0
0.0227512 0.342691 0.0630719 3 3 0
0.0224806 0.341767 0.0632021 3 3 0
0.022213 0.340847 0.0633324 3 3 0
0.0219485 0.339931 0.0634625 3 3 0
0.0216872 0.339023 0.0635924 3 3 0
0.0214291 0.33812 0.0637223 3 3 0
0.0211742 0.337224 0.063852 3 3 0
0.0209226 0.336333 0.0639814 3 3 0
0.0206743 0.33545 0.0641106 3 3 0
0.0204293 0.334577 0.0642395 3 3 0
0.0201878 0.333718 0.064368 3 3 0
0.0199496 0.33287 0.0644962 3 3 0
0.0197149 0.332031 0.0646239 3 3 0
0.0194836 0.331209 0.0647511 3 3 0
0.0192559 0.330398 0.0648777 3 3 0
0.0190316 0.329607 0.0650038 3 3 0
0.0188108 0.32883 0.0651292 3 3 0
0.0185935 0.328074 0.0652539 3 3 0
0.0183797 0.32734 0.0653778 3 3 0
0.0181693 0.326628 0.065501 3 3 0
0.0179622 0.325943 0.0656233 3 3 0
0.0177585 0.325276 0.0657447 3 3 0
0.0175579 0.324642 0.0658653 3 3 0
0.0173605 0.324027 0.0659848 3 3 0
0.0171659 0.323449 0.0661034 3 3 0
0.0169741 0.322893 0.066221 3 3 0
0.0167848 0.322365 0.0663376 3 3 0
0.0165978 0.321864 0.0664533 3 3 0
0.0164128 0.32138 0.066568 3 3 0
0.0162297 0.320927 0.0666816 3 3 0
0.0160481 0.320483 0.0667942 3 3 0
0.0158678 0.320058 0.0669059 3 3 0
0.0156887 0.319639 0.0670162 3 3 0
0.0155106 0.319226 0.0671253 3 3 0
0.0153335 0.318814 0.0672327 3 3 0
0.0151573 0.318395 0.0673385 3 3 0
0.0149821 0.317977 0.067442 3 3 0
0.0148081 0.317544 0.0675432 3 3 0
0.0146355 0.31711 0.0676412 3 3 0
0.0144647 0.316656 0.0677356 3 3 0
0.0142959 0.316203 0.0678256 3 3 0
0.0141297 0.315742 0.0679104 3 3 0
0.0139666 0.315274 0.0679888 3 3 0
0.0138072 0.314806 0.0680595 3 3 0
0.0136525 0.314342 0.0681204 3 3 0
0.0135034 0.313895 0.0681691 3 3 0
0.0133615 0.313461 0.0682018 3 3 0
0.0132293 0.313041 0.0682121 3 3 0
0.0131111 0.312636 0.0681891 3 3 0
0.0130161 0.312184 0.0681098 3 3 0
0.0129599 0.311455 0.0679427 3 3 0
0.0129376 0.310267 0.0677209 4 3 0
0.0129236 0.308737 0.0674904 4 3 0
0.0129102 0.306941 0.0672538 4 3 0
0.0128966 0.304911 0.0670124 4 3 0
0.0128827 0.302677 0.0667676 4 3 0
0.0128686 0.300272 0.0665205 4 3 0
0.0128543 0.297693 0.066272 4 3 0
0.0128399 0.294953 0.0660226 4 3 0
0.0128253 0.292059 0.065773 4 3 0
0.0128105 0.289018 0.0655237 4 3 0
0.012812 0.289343 0.0655497 4 3 0
0.0127971 0.286166 0.0653011 4 3 0
0.012791 0.284831 0.0652002 4 3 0
0.0127758 0.281451 0.0649533 4 3 0
0.0127605 0.277912 0.064708 4 3 0
0.0127449 0.274215 0.0644647 4 3 0
0.0127291 0.270357 0.0642241 4 3 0
0.0127208 0.26826 0.0640987 4 3 0
0.0127046 0.26413 0.0638632 4 3 0
0.0126963 0.26196 0.0637453 4 3 0
0.0126797 0.257528 0.0635162 4 3 0
0.0126749 0.256218 0.0634514 4 3 0
0.0126579 0.25148 0.0632294 4 3 0
0.0126587 0.251713 0.06324 4 3 0
0.0126412 0.246711 0.0630245 4 3 0
0.0126231 0.241333 0.0628158 4 3 0
0.0126043 0.235597 0.0626198 4 3 0
0.0125847 0.22934 0.0624383 4 3 0
0.0125638 0.222372 0.0622775 4 3 0
0.012544 0.215493 0.062164 4 3 0
0.0125185 0.206136 0.0620868 4 3 0
0.0124864 0.193879 0.0621352 4 3 0
0.0124752 0.189646 0.0621968 4 3 0
0.0124374 0.176538 0.0625682 4 3 0
0.012402 0.166989 0.063062 4 3 0
0.0123712 0.160677 0.0635309 4 3 0
0.0123709 0.160624 0.0635353 4 3 0
0.0123408 0.155784 0.0639945 4 3 0
0.0123098 0.151788 0.0644518 4 3 0
0.0123094 0.151741 0.0644577 4 3 0
0.0122774 0.148369 0.0649091 4 3 0
0.0122397 0.145128 0.0654084 4 3 0
0.0122042 0.142605 0.0658482 4 3 0
0.0121664 0.140363 0.0662825 4 3 0
0.0121262 0.138357 0.0667113 4 3 0
0.0121006 0.137235 0.0669694 4 3 0
0.0120567 0.135522 0.0673913 4 3 0
0.0120106 0.133944 0.0678112 4 3 0
0.0119628 0.132472 0.0682312 4 3 0
0.0119486 0.132061 0.0683531 4 3 0
0.0118992 0.130691 0.0687752 4 3 0
0.0118523 0.129465 0.0691724 4 3 0
0.0118015 0.128198 0.0696013 4 3 0
0.0117505 0.126974 0.0700331 4 3 0
0.011699 0.125777 0.0704716 4 3 0
0.0116635 0.124966 0.070777 4 3 0
0.0116118 0.123809 0.0712251 4 3 0
0.0115694 0.122871 0.071598 4 3 0
0.0115177 0.121742 0.0720582 4 3 0
0.011466 0.120623 0.0725262 4 3 0
0.0114144 0.119509 0.0730027 4 3 0
0.0113628 0.118396 0.0734888 4 3 0
0.0113112 0.11728 0.0739859 4 3 0
0.0112598 0.116155 0.0744955 4 3 0
0.0112084 0.115014 0.0750198 4 3 0
0.0111572 0.113852 0.0755613 4 3 0
0.0111062 0.112658 0.0761234 4 3 0
0.0110555 0.111421 0.0767107 4 3 0
0.0110052 0.110125 0.0773298 4 3 0
0.0109556 0.108745 0.0779904 4 3 0
0.0109073 0.107242 0.0787079 4 3 0
0.0108615 0.105545 0.0795105 4 3 0
0.0108219 0.103507 0.0804543 4 3 0
0.0108023 0.10091 0.0816065 4 3 0
0.010822 0.103511 0.0804522 4 3 0
0.010865 0.105688 0.0794432 4 3 0
0.0109116 0.107385 0.0786395 4 3 0
0.0109602 0.108879 0.0779262 4 3 0
0.0110099 0.110251 0.0772695 4 3 0
0.0110603 0.111541 0.0766536 4 3 0
0.011111 0.112773 0.0760688 4 3 0
0.0111621 0.113964 0.0755088 4 3 0
0.0112133 0.115124 0.0749691 4 3 0
0.0112647 0.116262 0.0744464 4 3 0
0.0113161 0.117387 0.073938 4 3 0
0.0113677 0.118502 0.073442 4 3 0
0.0113675 0.118497 0.0734441 4 3 0
0.0114191 0.11961 0.0729589 4 3 0
0.0114707 0.120724 0.0724832 4 3 0
0.0115224 0.121844 0.072016 4 3 0
0.0115741 0.122975 0.0715564 4 3 0
0.0115808 0.123121 0.0714977 4 3 0
0.0116324 0.124268 0.0710458 4 3 0
0.011684 0.125433 0.0706001 4 3 0
0.0116808 0.125359 0.0706282 4 3 0
0.0117323 0.126547 0.0701878 4 3 0
0.0117836 0.127764 0.0697526 4 3 0
0.0117851 0.127801 0.0697397 4 3 0
0.011836 0.129054 0.0693094 4 3 0
0.0118865 0.130352 0.0688833 4 3 0
0.0119373 0.131739 0.0684504 4 3 0
0.0119859 0.133165 0.06803 4 3 0
0.0119861 0.133172 0.068028 4 3 0
0.0120331 0.134692 0.0676084 4 3 0
0.0120232 0.134359 0.0676979 4 3 0
0.0120688 0.13597 0.0672777 4 3 0
0.0121113 0.13769 0.0668633 4 3 0
0.0121523 0.139621 0.0664365 4 3 0
0.0121909 0.141772 0.0660044 4 3 0
0.0122197 0.143648 0.0656604 4 3 0
0.0122544 0.146311 0.065218 4 3 0
0.0122769 0.148318 0.0649164 4 3 0
0.0123089 0.151681 0.0644651 4 3 0
0.0123399 0.155651 0.0640084 4 3 0
0.0123701 0.160476 0.063548 4 3 0
0.0123699 0.160442 0.0635509 4 3 0
0.0124001 0.166546 0.0630907 4 3 0
0.0124141 0.169954 0.0628839 4 3 0
0.0124474 0.179762 0.0624481 4 3 0
0.0124538 0.181915 0.0623792 4 3 0
0.0124921 0.196066 0.0621129 4 3 0
0.0125268 0.209227 0.062102 4 3 0
0.0125519 0.218263 0.0622041 4 3 0
0.0125738 0.22576 0.0623501 4 3 0
0.0125941 0.232372 0.0625218 4 3 0
0.0126002 0.234309 0.0625794 4 3 0
0.0126191 0.240145 0.0627728 4 3 0
0.0126373 0.245558 0.0629777 4 3 0
0.0126549 0.250632 0.0631917 4 3 0
0.0126584 0.251638 0.0632365 4 3 0
0.0126755 0.256368 0.0634588 4 3 0
0.0126922 0.26086 0.0636867 4 3 0
0.0126635 0.253045 0.0633011 4 3 0
0.0126804 0.257701 0.0635251 4 3 0
0.0126959 0.261839 0.0637389 4 3 0
0.0127122 0.266074 0.0639722 4 3 0
0.0127214 0.268417 0.064108 4 3 0
0.0127373 0.272359 0.064347 4 3 0
0.0127529 0.276133 0.0645892 4 3 0
0.0127694 0.279996 0.0648509 4 3 0
0.0127847 0.283443 0.0650971 4 3 0
0.0127846 0.283416 0.0650952 4 3 0
0.0127996 0.286715 0.0653429 4 3 0
0.0128095 0.288802 0.0655064 4 3 0
0.0128242 0.291854 0.0657557 4 3 0
0.0128389 0.294757 0.0660052 4 3 0
0.0128533 0.297503 0.0662545 4 3 0
0.0128676 0.300094 0.0665031 4 3 0
0.0128817 0.302513 0.0667503 4 3 0
0.0128956 0.304758 0.0669953 4 3 0
0.0129092 0.306803 0.0672367 4 3 0
0.0129226 0.308618 0.0674733 4 3 0
0.0129363 0.310154 0.0677022 4 3 0
0.0129559 0.311328 0.0679164 3 3 0
0.0130044 0.312098 0.0680902 3 3 0
0.0130998 0.312595 0.0681839 3 3 0
0.0132191 0.313007 0.0682117 3 3 0
0.0133513 0.313428 0.0682034 3 3 0
0.0134929 0.313864 0.0681722 3 3 0
0.0136417 0.314311 0.0681244 3 3 0
0.0137962 0.314776 0.0680641 3 3 0
0.0139553 0.315243 0.0679942 3 3 0
0.0141182 0.315704 0.0679161 3 3 0
0.0142842 0.316169 0.0678318 3 3 0
0.0144528 0.316626 0.067742 3 3 0
0.0146236 0.317074 0.0676479 3 3 0
0.0147961 0.317517 0.06755 3 3 0
0.01497 0.317949 0.0674491 3 3 0
0.0151451 0.318368 0.0673457 3 3 0
0.0153212 0.318786 0.0672402 3 3 0
0.0154983 0.319195 0.0671327 3 3 0
0.0156763 0.319611 0.0670239 3 3 0
0.0158554 0.320027 0.0669137 3 3 0
0.0160356 0.320454 0.0668022 3 3 0
0.016217 0.32089 0.0666894 3 3 0
0.0164001 0.321353 0.0665758 3 3 0
0.0165849 0.321827 0.0664612 3 3 0
0.0167718 0.32233 0.0663458 3 3 0
0.0169609 0.322857 0.0662292 3 3 0
0.0171525 0.323409 0.0661116 3 3 0
0.0173469 0.32399 0.0659931 3 3 0
0.0175442 0.324596 0.0658736 3 3 0
0.0177445 0.325234 0.0657532 3 3 0
0.017948 0.325894 0.0656318 3 3 0
0.0181548 0.32658 0.0655096 3 3 0
0.018365 0.327293 0.0653864 3 3 0
0.0185786 0.328026 0.0652626 3 3 0
0.0187957 0.328778 0.065138 3 3 0
0.0190162 0.329547 0.0650124 3 3 0
0.0192402 0.33034 0.0648866 3 3 0
0.0194678 0.33115 0.0647598 3 3 0
0.0196988 0.331975 0.0646327 3 3 0
0.0199333 0.332812 0.0645051 3 3 0
0.0201712 0.33366 0.0643769 3 3 0
0.0204125 0.334518 0.0642485 3 3 0
0.0206572 0.33539 0.0641196 3 3 0
0.0209053 0.336272 0.0639905 3 3 0
